# Plot index: 0
# FFT size: 66
# Segment size: 4
5.16416e+18
2.03293e+18
1.35622e+19
1.62858e+20
3.30896e+20
3.51454e+20
3.4281e+20
1.49751e+20
6.13093e+18
4.74856e+18
4.34285e+18
4.58128e+18
4.53423e+18
5.34929e+18
6.6975e+18
6.26291e+18
4.22035e+18
2.70875e+18
1.86005e+18
1.67571e+18
1.9148e+18
2.71921e+18
2.72427e+18
2.99362e+18
3.6179e+18
3.39984e+18
3.50844e+18
3.12863e+18
2.42999e+18
2.89697e+18
5.5637e+18
7.11082e+18
5.45846e+18
3.63634e+18
3.6385e+18
2.9193e+18
2.68611e+18
4.63312e+18
6.59398e+18
6.20728e+18
3.8798e+18
1.38754e+18
1.10471e+17
2.76496e+17
2.15334e+18
4.43294e+18
5.07581e+18
4.12803e+18
1.97589e+18
1.04588e+18
1.06821e+18
8.8209e+17
1.27901e+18
1.84477e+18
8.92252e+17
2.81618e+18
5.94807e+18
8.0077e+18
5.81464e+18
2.47328e+18
2.97364e+18
5.56652e+18
5.60008e+18
2.84418e+18
1.7756e+18
2.01499e+18
