# Plot index: 3
# FFT size: 66
# Segment size: 4
4.4168e+17
1.0758e+16
4.36017e+16
4.60917e+16
8.57342e+17
2.37122e+18
3.58061e+18
4.11469e+18
3.29894e+18
1.94455e+18
7.33197e+17
9.48247e+17
1.18428e+18
1.52574e+18
9.67142e+17
3.57384e+17
1.14598e+17
2.97769e+17
9.38772e+17
7.19542e+17
2.63418e+17
3.27021e+17
3.22145e+17
3.56205e+17
9.38853e+17
2.08048e+18
3.12585e+18
2.50627e+18
7.9901e+17
9.78594e+16
2.96856e+15
1.70667e+17
3.69797e+17
8.74695e+17
1.63364e+18
2.31855e+18
3.89046e+18
5.84697e+18
7.14013e+18
4.40081e+18
1.35451e+18
9.60667e+16
1.10796e+18
4.43094e+18
7.23054e+18
8.56026e+18
6.89387e+18
3.32491e+18
8.96931e+17
8.65642e+16
4.24063e+16
3.59416e+17
1.57369e+18
5.66456e+17
9.26774e+18
4.56173e+19
6.92258e+19
8.49351e+19
6.0532e+19
1.69893e+19
4.46812e+18
1.94014e+18
1.07703e+18
1.37617e+18
1.33156e+18
1.33502e+18
