# Plot index: 2
# FFT size: 66
# Segment size: 4
1.44166e+18
1.61145e+18
3.51172e+18
5.04864e+18
6.82571e+18
7.94623e+18
2.59049e+19
2.89679e+20
7.11892e+20
7.6083e+20
7.0653e+20
3.4902e+20
3.40065e+19
2.04781e+18
2.74974e+18
1.41091e+18
4.35369e+17
3.29624e+17
1.37427e+18
2.59467e+18
6.73817e+18
4.76999e+19
1.09796e+20
1.28105e+20
1.24557e+20
5.1876e+19
9.92536e+18
3.04644e+19
3.74326e+19
3.12689e+19
1.5565e+19
1.41031e+18
1.81598e+18
2.10193e+18
1.26821e+18
1.37875e+18
1.85978e+18
3.68103e+18
6.3412e+18
8.42742e+18
4.90353e+19
1.23769e+20
1.30974e+20
1.14574e+20
6.0894e+19
7.43692e+18
7.28222e+18
1.12662e+19
8.87079e+18
6.42259e+18
2.84699e+18
2.81856e+18
3.60376e+18
3.32493e+18
1.25503e+19
3.28848e+19
4.30579e+19
4.43927e+19
2.17296e+19
5.21825e+18
9.59215e+18
1.02109e+19
6.45247e+18
2.44257e+18
3.99317e+17
1.75037e+17
