# Plot index: 2
# FFT size: 66
# Segment size: 4
2.88576e+18
1.94758e+18
1.05335e+18
7.8806e+16
4.29389e+17
1.07081e+18
1.80721e+18
1.48098e+18
1.89924e+18
1.9658e+18
1.67e+19
2.21e+20
6.98268e+20
8.34563e+20
8.16879e+20
5.15544e+20
9.15883e+19
1.77081e+19
8.08395e+19
1.21526e+20
1.30633e+20
1.00949e+20
2.40142e+19
1.30547e+18
4.38853e+18
6.96935e+18
7.49761e+18
5.77365e+18
2.06724e+18
3.57519e+17
6.93718e+17
1.11782e+18
1.6812e+18
1.93366e+18
1.44096e+18
5.61143e+17
6.13976e+17
2.27549e+18
2.67018e+18
3.32613e+18
3.13004e+18
2.81853e+18
1.2198e+19
3.51926e+19
4.06659e+19
3.73617e+19
2.53519e+19
5.28656e+18
1.19996e+19
7.01485e+19
1.07335e+20
1.06031e+20
8.2594e+19
2.13746e+19
5.7978e+17
5.56007e+18
1.50372e+19
1.8131e+19
1.56003e+19
3.12397e+18
6.69234e+17
3.05236e+18
3.52122e+18
3.78009e+18
3.04237e+18
1.8838e+18
