# Plot index: 2
# FFT size: 66
# Segment size: 4
1.92509e+19
1.09514e+19
1.95942e+18
1.73535e+17
2.55691e+17
5.01781e+17
3.65154e+17
7.22174e+18
1.29656e+20
6.20152e+20
9.17644e+20
9.14841e+20
7.31776e+20
2.16255e+20
1.52212e+19
1.40443e+18
1.4732e+18
2.49431e+18
2.1709e+18
2.52854e+18
4.7054e+19
1.13388e+20
1.29395e+20
1.13101e+20
4.47136e+19
3.72553e+18
1.6276e+18
1.29303e+18
1.37378e+18
1.29155e+18
8.26285e+17
3.09215e+18
2.37522e+19
5.15925e+19
5.76287e+19
5.06426e+19
2.18708e+19
1.80976e+18
3.07864e+16
1.6505e+17
3.56051e+17
9.4372e+17
4.73587e+18
4.20504e+19
1.12989e+20
1.21631e+20
1.13365e+20
6.60851e+19
9.54705e+18
5.3329e+17
8.4626e+17
1.69433e+18
2.1555e+18
1.96159e+18
1.0392e+18
1.62471e+19
3.54356e+19
4.05745e+19
3.07811e+19
8.32175e+18
3.98676e+17
7.28139e+17
2.60012e+17
1.54417e+17
9.70356e+16
7.83615e+17
