# Plot index: 2
# FFT size: 66
# Segment size: 4
1.67387e+19
4.93133e+18
1.50162e+18
2.25217e+18
1.68623e+18
5.76739e+17
4.79065e+17
6.01701e+18
1.65404e+20
6.61965e+20
8.93538e+20
8.84922e+20
5.86326e+20
1.09863e+20
9.08193e+17
7.05907e+17
1.12132e+18
2.08495e+18
2.74262e+18
1.74185e+18
1.49531e+18
1.49778e+18
9.98405e+17
9.21279e+17
4.27146e+19
4.67218e+18
2.34461e+17
1.07735e+17
2.80011e+17
4.5072e+17
1.75425e+18
1.21479e+19
4.01881e+19
5.55351e+19
5.24069e+19
3.52002e+19
7.99502e+18
4.47964e+16
2.4849e+17
1.53433e+17
1.62061e+17
5.35653e+17
1.06526e+19
7.08664e+19
1.25023e+20
1.25781e+20
1.0587e+20
3.50075e+19
1.6062e+18
5.14925e+16
2.26059e+17
3.67715e+17
4.79894e+17
1.49358e+18
1.28482e+19
3.84093e+19
5.06503e+19
5.48306e+19
3.56927e+19
8.47222e+18
7.07554e+17
1.18728e+17
9.49884e+17
1.66313e+18
3.1307e+18
6.48503e+18
