# Plot index: 0
# FFT size: 66
# Segment size: 4
1.75386e+18
2.22725e+18
1.00265e+18
1.56623e+17
1.89329e+15
3.07366e+16
7.99898e+16
7.24834e+17
2.04327e+18
3.7478e+18
3.72512e+18
2.51995e+18
1.47594e+18
4.06461e+17
5.03069e+17
6.78129e+17
8.31788e+17
7.35487e+17
2.8522e+17
2.08585e+17
3.50254e+17
5.39313e+17
1.18568e+18
1.81268e+18
1.45181e+18
7.49431e+17
3.27418e+17
9.99779e+16
1.4228e+17
5.01663e+17
5.84519e+17
3.64726e+17
2.12809e+17
5.51431e+17
1.8416e+18
2.86735e+18
3.58555e+18
3.07563e+18
1.51816e+18
4.71588e+17
3.97356e+16
2.24652e+16
3.71753e+16
1.98478e+17
9.73151e+17
1.67717e+18
1.02334e+18
1.37996e+17
2.5036e+17
1.67887e+18
2.17309e+18
1.51689e+18
1.31013e+18
1.54585e+18
2.45378e+18
3.1121e+18
1.95071e+18
7.89187e+17
8.55015e+16
3.21965e+17
1.01758e+18
1.28667e+18
8.4086e+17
2.55148e+17
2.05044e+17
3.70432e+17
