# Plot index: 2
# FFT size: 66
# Segment size: 4
1.22496e+19
6.78282e+19
2.86131e+20
4.18187e+20
3.97687e+20
3.41048e+20
1.17657e+20
8.95938e+18
3.09674e+17
3.13748e+19
3.53842e+20
7.1584e+20
7.47713e+20
6.8337e+20
2.76512e+20
2.42669e+19
1.30831e+18
1.6293e+18
8.41332e+18
5.35394e+19
1.01442e+20
1.05259e+20
9.71682e+19
3.97946e+19
3.827e+18
7.70113e+16
3.20353e+17
1.33427e+18
2.36824e+18
3.1282e+18
2.92668e+18
2.86723e+18
1.06359e+18
8.38726e+16
6.8508e+17
1.05989e+18
1.01998e+18
1.18061e+19
2.31727e+19
2.3331e+19
2.18759e+19
7.4072e+18
5.04153e+17
7.43104e+17
6.32811e+17
5.4983e+18
7.59178e+19
1.53005e+20
1.66025e+20
1.4662e+20
5.89937e+19
7.67465e+18
8.65263e+17
6.87139e+17
3.4821e+18
1.65174e+19
2.5418e+19
2.48005e+19
2.18151e+19
8.30639e+18
2.15832e+18
1.26098e+18
7.98157e+17
2.57609e+16
7.04124e+18
7.42644e+18
