# Plot index: 0
# FFT size: 66
# Segment size: 4
6.89019e+16
9.94692e+16
1.00227e+17
9.39188e+16
1.8775e+17
5.28148e+17
7.81265e+17
1.0929e+18
1.56008e+18
1.99416e+18
3.49244e+18
5.96067e+18
5.8305e+18
4.13824e+18
2.52618e+18
8.94949e+17
1.30002e+17
5.85678e+16
2.03776e+17
6.843e+16
2.29338e+17
8.89504e+17
1.38806e+18
7.31321e+17
1.73303e+17
1.41026e+17
2.78144e+17
3.19321e+17
1.61908e+17
6.28504e+17
2.34532e+18
4.47941e+18
5.66387e+18
5.90554e+18
4.05057e+18
1.85724e+18
9.89718e+17
7.17134e+17
7.20745e+17
6.8134e+17
6.34656e+17
6.94559e+17
2.95687e+17
1.20254e+17
2.49374e+17
2.69743e+17
2.88473e+17
1.25422e+17
2.92094e+16
1.59882e+17
3.05316e+17
3.56462e+17
2.45893e+17
9.97584e+16
1.61021e+17
9.74989e+17
2.94841e+18
6.02994e+18
8.15919e+18
6.43611e+18
3.45132e+18
1.61671e+18
2.46457e+17
3.02358e+17
1.53948e+18
3.50613e+18
