# Plot index: 0
# FFT size: 66
# Segment size: 4
9.53348e+16
5.4907e+17
7.22633e+17
6.82574e+17
7.15154e+17
2.51574e+17
4.04269e+15
2.95885e+17
6.35114e+17
9.1555e+17
8.81015e+17
4.27297e+17
5.0529e+16
1.07453e+17
5.64904e+17
9.54556e+17
8.37361e+17
5.46089e+17
1.10774e+17
3.75962e+16
2.89572e+17
5.97983e+17
6.38884e+17
4.79267e+17
3.25671e+17
2.11272e+17
6.10833e+16
1.75451e+17
5.62733e+17
6.5233e+17
7.11055e+17
5.19145e+17
9.20458e+17
2.88403e+18
4.68814e+18
4.13495e+18
4.7074e+18
5.06614e+18
4.29222e+18
5.18226e+18
2.43443e+17
8.06025e+17
8.75945e+17
6.86275e+17
4.42749e+17
6.93991e+16
6.72966e+16
4.43597e+17
7.59938e+17
7.70583e+17
5.87744e+17
2.28659e+17
2.30732e+16
1.94972e+17
5.42378e+17
7.651e+17
5.93185e+17
3.6697e+17
1.38475e+17
8.32272e+16
1.82963e+17
4.65796e+17
6.47455e+17
6.09315e+17
2.8034e+18
1.80335e+18
