# Plot index: 2
# FFT size: 66
# Segment size: 4
2.36082e+19
2.3235e+19
1.62053e+19
7.60853e+18
3.13563e+18
6.4213e+17
5.25518e+17
1.60786e+18
5.97631e+19
4.49182e+20
8.18184e+20
8.51216e+20
7.12402e+20
2.32558e+20
1.27034e+19
1.16676e+18
1.07526e+18
1.10236e+18
2.6221e+18
2.47168e+19
9.28155e+19
1.17377e+20
1.18838e+20
1.02101e+20
3.52805e+19
9.21325e+18
4.18971e+18
1.01048e+18
5.76916e+16
8.13676e+16
6.20634e+17
1.18706e+18
3.35145e+18
2.45285e+19
4.93986e+19
5.58808e+19
4.81646e+19
2.05823e+19
5.13055e+18
2.19335e+18
1.79967e+18
2.99406e+18
3.46134e+18
1.48393e+19
8.22582e+19
1.32575e+20
1.39472e+20
1.03173e+20
2.64882e+19
6.10297e+18
4.41345e+18
2.56146e+18
2.88181e+18
4.43554e+18
1.57999e+19
3.60264e+19
3.76883e+19
4.175e+19
3.83695e+19
2.18094e+19
1.51332e+19
6.66973e+18
8.10313e+17
1.02472e+17
1.27574e+18
2.03042e+18
