# Plot index: 1
# FFT size: 66
# Segment size: 4
1.5988e+19
1.6474e+20
3.93129e+20
4.36499e+20
4.07369e+20
1.92987e+20
1.70021e+19
7.46467e+17
1.47041e+18
1.42983e+18
1.29552e+18
1.57338e+18
1.74166e+18
1.52234e+18
2.2466e+18
3.12081e+18
3.00256e+18
2.2999e+18
1.15305e+18
4.0783e+17
9.79489e+16
3.08573e+17
1.75785e+18
2.3855e+18
2.83217e+18
2.58772e+18
1.00981e+18
1.56978e+18
1.75376e+19
5.07553e+19
5.79525e+19
5.93685e+19
3.44985e+19
3.82882e+18
5.25209e+17
2.22529e+18
4.27883e+18
5.12995e+18
4.18663e+18
2.63942e+18
2.16756e+18
3.23672e+18
4.16648e+18
3.77818e+18
2.43137e+18
8.70687e+17
4.63022e+17
7.18092e+17
5.67301e+17
1.27833e+18
2.45939e+18
3.13464e+18
2.32991e+18
3.92743e+17
6.05265e+18
4.7842e+19
7.51475e+19
7.55042e+19
5.77992e+19
1.38578e+19
1.03233e+18
2.28979e+18
4.48272e+18
5.39153e+18
4.94133e+18
2.58954e+18
