# Plot index: 3
# FFT size: 66
# Segment size: 4
1.22496e+19
6.78282e+19
2.86131e+20
4.18187e+20
3.97687e+20
3.41048e+20
1.17657e+20
8.95938e+18
2.33097e+18
1.15767e+18
1.56696e+17
5.81226e+15
1.46674e+17
7.41261e+17
1.3707e+18
2.42142e+18
3.90369e+18
4.20554e+18
3.37387e+18
1.91027e+18
1.36577e+18
1.64597e+18
2.93334e+18
4.91085e+18
5.29273e+18
3.21026e+18
1.6751e+18
3.56861e+18
5.12063e+18
4.76102e+18
3.66357e+18
2.47538e+18
2.11531e+18
3.1245e+18
3.64501e+18
2.13902e+18
3.69258e+18
5.12017e+18
3.91171e+18
1.37648e+18
6.95549e+17
1.25466e+18
1.04376e+18
3.74686e+17
3.68279e+17
6.57462e+17
1.22154e+18
2.02806e+18
1.93526e+18
7.08692e+17
7.02005e+17
2.5984e+18
3.72843e+18
5.46735e+18
2.37239e+19
6.49461e+19
7.56281e+19
7.26732e+19
5.53092e+19
1.3754e+19
6.59541e+17
1.11058e+17
3.46993e+17
3.25183e+17
1.72578e+17
7.82561e+16
