# Plot index: 0
# FFT size: 66
# Segment size: 4
1.45634e+16
3.63477e+17
1.10491e+18
9.30091e+17
1.38386e+17
2.37585e+17
1.13677e+18
1.63702e+18
1.43176e+18
1.14042e+18
8.54878e+17
5.90174e+17
4.53254e+17
3.34928e+17
1.32042e+17
9.3741e+16
2.59161e+17
6.20728e+17
7.78606e+17
5.6794e+17
3.86005e+16
4.78756e+17
1.38578e+18
1.51075e+18
1.20567e+18
3.53547e+17
1.5595e+17
7.38504e+17
8.62401e+17
6.41412e+17
4.06694e+17
3.55184e+17
3.64168e+18
4.65272e+18
3.37724e+18
2.19195e+18
2.38869e+18
3.00349e+18
1.70765e+18
8.03303e+17
1.00415e+18
7.84537e+17
4.52857e+17
4.4495e+17
8.576e+17
1.29132e+18
7.46025e+17
5.91514e+16
1.42385e+17
5.85043e+17
1.26464e+18
2.06058e+18
2.33072e+18
2.78672e+18
3.00397e+18
2.01216e+18
6.95979e+17
2.13693e+17
1.46492e+17
1.38044e+18
3.92927e+18
5.00906e+18
5.71976e+18
5.62631e+18
2.82053e+18
9.79771e+17
