# Plot index: 1
# FFT size: 66
# Segment size: 4
1.36408e+18
1.04087e+18
2.32252e+19
1.9926e+20
3.53758e+20
3.61077e+20
3.24781e+20
1.09525e+20
5.71322e+18
4.87971e+17
2.85057e+16
4.75994e+17
2.13107e+18
2.74582e+18
1.9989e+18
2.08243e+18
2.70422e+18
3.21602e+18
5.01891e+18
5.89427e+18
2.75307e+18
1.31281e+18
2.02644e+18
2.88355e+18
2.38058e+18
5.44862e+17
2.371e+18
5.96611e+18
7.40381e+18
6.18831e+18
1.35597e+18
4.8446e+18
4.6091e+19
7.41086e+19
7.86084e+19
6.287e+19
1.307e+19
7.45144e+17
9.65882e+17
1.07059e+17
3.01791e+17
1.97419e+18
3.71866e+18
2.3736e+18
9.22862e+17
6.31941e+17
5.33742e+17
1.00132e+18
1.32164e+18
8.58289e+17
1.22733e+18
1.67583e+18
2.04347e+18
5.51662e+17
7.95484e+18
5.46232e+19
7.94922e+19
8.23711e+19
6.06043e+19
1.34407e+19
1.72222e+18
1.52131e+18
9.97802e+17
1.01714e+18
9.66329e+17
5.6338e+17
