# Plot index: 0
# FFT size: 66
# Segment size: 4
2.38944e+17
5.51269e+17
4.31714e+17
1.79049e+17
2.26409e+17
6.75629e+16
2.85068e+17
9.15827e+17
4.30816e+17
5.55037e+17
5.72088e+17
7.06442e+17
1.03347e+18
1.49614e+18
1.69896e+18
1.71843e+18
2.04447e+18
1.74572e+18
1.43351e+18
1.45629e+18
9.19955e+17
4.51501e+17
2.16462e+17
1.1153e+17
2.44324e+17
2.99049e+17
4.20715e+17
1.10947e+18
1.7491e+18
2.26594e+18
2.69497e+18
2.39937e+18
1.83544e+18
1.16199e+18
1.03665e+18
1.26772e+18
1.25872e+18
1.35753e+18
1.34371e+18
6.77379e+17
1.89579e+17
5.44133e+16
2.59535e+16
6.30905e+16
1.23455e+16
6.17996e+16
4.88967e+17
1.31793e+18
1.92222e+18
2.18078e+18
2.33294e+18
1.83764e+18
1.52354e+18
1.87097e+18
2.49605e+18
3.87995e+18
4.78061e+18
4.11702e+18
3.53942e+18
2.34671e+18
1.40022e+18
9.5341e+17
8.01493e+17
1.01572e+18
1.35686e+18
2.69803e+18
