# Plot index: 3
# FFT size: 66
# Segment size: 4
1.71302e+18
1.41151e+18
1.26098e+18
2.28716e+18
4.43273e+18
5.6842e+18
6.78338e+18
5.29842e+18
2.72728e+18
1.58372e+18
7.57488e+17
4.38632e+17
1.95656e+18
4.56918e+18
5.37685e+18
5.74863e+18
3.96564e+18
1.08783e+18
9.26085e+16
5.97099e+17
6.17979e+17
7.8514e+17
5.72981e+17
1.9812e+17
5.19452e+17
7.4703e+17
3.19374e+17
1.77641e+17
6.08129e+17
2.8737e+17
9.12145e+16
3.97685e+17
1.0557e+18
1.55772e+18
4.14101e+17
3.71917e+17
2.98091e+18
5.83406e+18
7.17695e+18
6.13241e+18
4.59179e+18
3.61819e+18
4.32994e+18
5.95366e+18
5.23651e+18
4.18276e+18
3.46992e+18
2.61331e+18
2.25539e+18
1.47792e+18
7.98729e+17
1.10259e+18
1.1625e+18
1.83583e+17
6.92517e+18
5.61488e+19
9.62305e+19
9.7838e+19
7.34086e+19
2.02291e+19
6.91857e+17
2.15058e+17
4.67455e+17
7.8301e+17
5.65243e+17
4.77296e+17
