# Plot index: 0
# FFT size: 66
# Segment size: 4
1.13601e+18
4.05557e+18
4.09361e+18
2.02941e+18
1.34577e+18
3.2921e+18
4.3875e+18
3.37356e+18
3.04283e+18
3.15662e+18
1.72034e+18
3.09801e+17
2.95994e+17
2.93986e+17
3.23842e+17
1.45779e+17
1.27988e+17
8.46135e+17
1.12406e+18
2.843e+17
9.86398e+17
4.11141e+18
8.279e+18
9.66038e+18
6.47052e+18
2.68978e+18
4.4682e+17
5.32278e+16
2.63866e+17
1.43565e+17
3.48828e+16
1.46123e+17
6.62149e+16
1.83285e+17
1.22371e+17
2.10576e+17
1.41235e+18
1.86426e+18
1.42589e+18
1.92178e+18
2.74338e+18
1.72158e+18
1.28175e+18
3.66123e+18
5.89068e+18
4.33612e+18
9.24165e+17
1.16663e+18
2.44084e+18
2.7843e+18
1.76823e+18
6.64239e+17
2.44754e+17
2.57409e+16
5.424e+17
1.97021e+18
3.2201e+18
4.4159e+18
4.7344e+18
2.79769e+18
1.74636e+18
1.90618e+18
1.89042e+18
2.12752e+18
2.36384e+18
2.44807e+18
