# Plot index: 2
# FFT size: 66
# Segment size: 4
7.36452e+17
1.63767e+18
2.43629e+18
5.93913e+18
1.30161e+19
1.75899e+19
1.78956e+19
1.32328e+19
5.68541e+18
5.97195e+17
7.27322e+19
4.89079e+20
8.10208e+20
8.51026e+20
7.13608e+20
2.20796e+20
1.61209e+19
8.03827e+18
5.06071e+19
1.15889e+20
1.27814e+20
1.23472e+20
6.20649e+19
8.15694e+18
3.80733e+17
2.57321e+17
1.63142e+18
2.72457e+18
3.64384e+18
3.9975e+18
2.84276e+18
1.65785e+18
1.33271e+18
5.05614e+18
9.26838e+18
1.20285e+19
1.18865e+19
5.79695e+18
1.74996e+18
1.73972e+18
1.67958e+19
3.98431e+19
4.55395e+19
4.34794e+19
2.12343e+19
3.40906e+18
2.63062e+16
1.83128e+19
8.22422e+19
1.12994e+20
1.22052e+20
8.41001e+19
1.72688e+19
2.9486e+18
3.80285e+18
1.96515e+19
3.5952e+19
3.91717e+19
3.46105e+19
1.40229e+19
4.12874e+18
2.67545e+18
7.86949e+17
2.79646e+17
2.10097e+18
5.91304e+18
