# Plot index: 0
# FFT size: 66
# Segment size: 4
6.11857e+17
6.04229e+17
4.43656e+17
2.91159e+17
3.87936e+17
4.61894e+17
3.07803e+17
2.59145e+17
2.76545e+17
1.44107e+17
1.73656e+17
3.03152e+17
1.18011e+17
9.53566e+16
5.74369e+16
5.54924e+16
1.75593e+17
5.20875e+16
1.13344e+15
1.44966e+16
3.19085e+16
1.81735e+16
1.59708e+16
1.08711e+16
1.55479e+16
2.63529e+15
9.34243e+15
7.37866e+16
6.64922e+16
3.72e+16
6.03886e+16
4.76063e+16
1.64375e+17
1.96189e+17
1.27036e+17
1.84032e+17
1.93153e+17
2.19493e+17
3.20323e+17
4.42613e+17
2.745e+17
2.71034e+17
4.31745e+17
5.98739e+17
5.37211e+17
3.74188e+17
4.27187e+17
6.71147e+17
8.14344e+17
6.11126e+17
5.5195e+17
7.01808e+17
7.85289e+17
9.19646e+17
8.896e+17
7.37682e+17
7.03218e+17
1.04236e+18
1.23736e+18
8.40222e+17
7.90221e+17
1.03785e+18
1.06152e+18
1.24474e+18
9.75611e+17
8.02852e+17
