# Plot index: 0
# FFT size: 66
# Segment size: 4
1.5398e+18
2.5126e+18
1.49607e+18
3.18247e+17
1.56298e+17
2.42346e+18
4.37627e+18
3.20489e+18
1.56192e+18
7.88602e+17
6.44957e+17
1.96691e+17
8.06481e+16
2.13051e+17
1.00678e+16
1.1968e+17
4.63656e+17
8.53415e+17
5.38622e+17
2.28353e+17
5.37771e+16
1.0999e+16
1.08009e+17
3.21544e+17
4.36e+17
6.6641e+17
1.33841e+18
1.0311e+18
4.11579e+17
2.69369e+16
1.73951e+17
2.81701e+17
4.64961e+17
1.21383e+18
1.0754e+18
1.24595e+18
2.21945e+18
3.27623e+18
2.34926e+18
2.54641e+17
2.44887e+17
1.2748e+18
2.40785e+18
1.63973e+18
6.82527e+17
7.88607e+17
5.34611e+17
2.91514e+17
3.25465e+17
2.96183e+17
2.99022e+17
4.58712e+17
4.0746e+17
1.02141e+17
1.12953e+18
2.93048e+18
4.18798e+18
3.88096e+18
1.69293e+18
9.0596e+17
5.90959e+17
1.49143e+17
2.01932e+17
6.699e+17
3.66874e+17
1.71975e+18
