# Plot index: 2
# FFT size: 66
# Segment size: 4
7.10873e+18
1.55511e+18
2.57048e+16
2.61458e+17
9.0401e+16
6.44055e+16
1.70694e+17
3.08207e+18
1.41362e+20
5.89257e+20
7.75919e+20
7.93137e+20
5.60448e+20
1.23265e+20
6.85432e+18
9.88134e+17
6.32553e+17
4.66843e+17
7.91415e+16
5.3062e+18
5.44372e+19
1.07704e+20
1.19232e+20
1.02161e+20
3.35019e+19
1.40243e+18
2.89999e+17
2.75187e+17
4.68599e+17
4.7933e+17
8.17784e+17
8.67374e+18
2.65506e+19
3.04255e+19
2.8664e+19
1.85608e+19
4.00808e+18
1.03647e+18
9.71122e+17
1.09796e+18
1.14536e+18
7.94057e+17
9.33702e+18
7.05767e+19
1.23991e+20
1.26892e+20
1.20319e+20
5.16925e+19
8.21974e+18
2.95879e+18
3.27812e+18
3.05921e+18
1.45815e+18
3.65739e+17
9.71962e+18
3.61197e+19
4.86352e+19
5.26536e+19
3.09546e+19
4.88802e+18
2.0535e+17
1.11865e+18
2.72774e+18
2.61247e+18
9.75321e+17
1.40324e+18
