# Plot index: 3
# FFT size: 66
# Segment size: 4
5.38168e+17
5.72911e+17
1.02658e+18
6.90671e+17
3.70476e+16
4.17555e+17
6.24207e+17
2.52785e+17
5.98374e+17
1.1534e+18
8.07649e+17
2.45426e+17
2.04441e+18
4.62985e+18
6.20565e+18
6.87211e+18
4.58321e+18
2.32219e+18
1.91421e+18
1.60219e+18
6.92268e+17
1.14651e+18
2.07876e+18
3.1331e+18
3.05216e+18
1.08965e+18
1.29402e+18
3.56075e+18
5.70562e+18
5.65936e+18
4.43449e+18
3.07066e+18
1.62468e+18
1.15282e+18
2.41856e+18
6.89236e+18
1.38592e+19
1.40158e+19
9.49962e+18
5.51552e+18
1.81139e+18
1.3999e+18
1.92455e+18
1.96865e+18
1.26565e+18
4.86306e+17
7.03301e+17
7.35191e+17
3.61683e+17
1.50469e+17
9.43499e+16
2.71598e+17
7.65778e+17
1.7839e+18
1.45291e+19
5.67041e+19
7.10795e+19
6.41206e+19
5.11175e+19
1.65918e+19
2.25045e+18
7.1605e+17
4.25519e+17
4.15304e+17
3.57841e+17
2.67982e+17
