# Plot index: 0
# FFT size: 66
# Segment size: 4
4.39496e+17
9.95822e+17
2.26052e+18
3.15499e+18
3.29102e+18
2.84325e+18
1.3956e+18
3.04703e+17
8.93388e+16
5.48022e+17
1.34659e+18
1.70274e+18
1.95638e+18
1.99253e+18
1.40034e+18
8.89889e+17
4.58302e+17
1.31525e+17
1.36586e+17
2.13595e+17
1.62583e+17
8.5886e+16
1.08883e+17
1.16895e+17
5.43014e+16
1.84162e+16
9.31958e+16
3.65025e+17
6.02832e+17
8.88694e+17
1.60025e+18
2.02752e+18
2.07855e+18
1.56676e+18
4.9313e+17
7.51931e+16
4.46498e+17
1.46259e+18
2.65836e+18
2.95153e+18
2.90036e+18
2.38165e+18
1.34353e+18
6.34726e+17
5.67171e+16
1.9969e+17
4.49119e+17
4.76877e+17
5.2133e+17
7.71681e+17
6.98372e+17
2.17711e+17
2.29948e+15
4.19432e+16
1.14508e+16
2.96091e+17
9.28088e+17
1.23705e+18
1.16983e+18
7.56846e+17
4.48631e+17
1.99112e+17
6.85972e+16
1.55182e+16
2.42358e+17
1.70517e+18
