# Plot index: 1
# FFT size: 66
# Segment size: 4
1.53432e+18
6.24236e+17
2.25817e+18
1.06399e+20
3.58007e+20
4.2483e+20
4.20131e+20
2.50447e+20
3.88565e+19
1.88512e+18
9.01955e+17
8.51276e+17
6.96625e+17
8.04419e+16
9.16717e+16
5.13859e+17
7.82835e+17
5.2768e+17
3.73198e+17
1.16508e+18
2.67051e+18
4.30273e+18
4.35124e+18
2.91039e+18
1.72553e+18
2.93235e+18
1.74066e+18
5.91076e+17
6.3653e+17
1.70088e+18
3.28149e+18
3.21781e+18
7.93155e+18
5.39361e+19
7.7978e+19
7.62457e+19
4.97771e+19
8.01873e+18
5.79853e+16
3.8042e+16
8.90095e+17
3.66805e+18
5.78543e+18
5.10034e+18
2.68726e+18
6.91974e+17
2.0066e+17
3.23388e+17
8.35778e+17
1.91427e+18
2.388e+18
1.73975e+18
7.742e+17
1.78156e+18
3.22785e+19
9.74248e+19
1.0988e+20
1.00609e+20
5.93584e+19
8.67662e+18
3.36162e+17
1.8861e+17
6.86051e+17
1.31073e+18
1.23175e+18
1.37671e+18
