# Plot index: 1
# FFT size: 66
# Segment size: 4
1.47686e+18
6.31876e+17
3.55314e+17
4.20731e+17
4.894e+17
3.64996e+17
2.6291e+17
2.82088e+17
2.00517e+17
5.2117e+17
1.53557e+18
1.80357e+18
1.60766e+18
1.09685e+18
3.95498e+17
2.84017e+17
1.92772e+17
3.58744e+17
4.23769e+17
8.49524e+17
1.11529e+18
7.77961e+17
5.72072e+17
3.21491e+17
7.57586e+16
8.33537e+16
3.37045e+17
8.34218e+17
8.43334e+17
2.74568e+17
7.93197e+16
3.58579e+16
1.43017e+15
3.68006e+16
5.88328e+17
1.42649e+18
1.36599e+18
1.34969e+18
8.43685e+17
1.66564e+17
1.78871e+17
1.59554e+17
1.20001e+17
1.75402e+17
2.64763e+17
5.10861e+17
1.11651e+18
2.09749e+18
3.37507e+18
3.77947e+18
2.79997e+18
1.279e+18
1.58697e+17
2.41718e+17
1.37062e+18
2.82246e+18
4.32325e+18
4.18703e+18
1.65939e+18
2.8775e+17
5.21554e+17
1.18466e+18
1.80125e+18
1.99087e+18
1.50398e+18
1.31216e+18
