# Plot index: 0
# FFT size: 66
# Segment size: 4
6.99203e+17
1.66881e+18
3.70319e+18
5.13234e+18
4.53077e+18
3.98097e+18
2.88015e+18
1.59236e+18
1.15902e+18
1.08761e+18
5.58179e+17
1.05867e+17
7.02273e+17
2.06443e+18
3.29406e+18
3.61973e+18
2.86016e+18
1.48479e+18
7.34572e+17
6.41389e+17
9.69787e+17
1.94765e+18
2.66297e+18
3.03129e+18
2.28607e+18
1.51159e+18
1.15786e+18
1.65966e+18
3.11291e+18
3.92162e+18
3.61625e+18
2.6029e+18
1.2059e+18
3.32005e+17
2.72347e+17
4.32051e+17
3.55256e+17
5.50568e+17
1.16209e+18
1.92798e+18
2.60351e+18
3.56646e+18
3.57008e+18
2.37523e+18
1.24517e+18
6.7762e+17
9.04936e+17
1.95428e+18
2.88725e+18
3.23101e+18
2.56881e+18
1.86396e+18
9.3886e+17
1.35261e+17
1.34259e+17
2.91128e+17
3.69666e+17
1.34937e+18
3.04101e+18
2.69785e+18
1.11995e+18
1.58417e+17
3.20137e+17
1.69397e+18
1.37302e+18
1.09566e+18
