# Plot index: 2
# FFT size: 66
# Segment size: 4
2.64103e+18
5.08234e+18
9.28397e+18
1.3213e+19
1.29025e+19
7.33307e+18
1.42495e+19
2.95196e+20
6.64985e+20
6.8011e+20
6.13114e+20
2.73153e+20
3.24512e+19
4.89655e+18
4.56725e+18
2.92471e+18
1.37794e+18
6.01332e+17
2.72839e+17
8.90404e+17
9.62132e+18
6.59201e+19
1.43242e+20
1.5016e+20
1.2921e+20
3.8248e+19
7.0936e+18
3.70164e+19
3.17929e+19
2.29251e+19
9.50792e+18
3.26916e+18
2.594e+18
3.34846e+18
4.86114e+18
6.7056e+18
7.9755e+18
7.28837e+18
4.31591e+18
4.37027e+18
5.63765e+19
1.17653e+20
1.13658e+20
9.88567e+19
5.29114e+19
1.85353e+19
1.32865e+19
1.14594e+19
7.39167e+18
3.45791e+18
1.32749e+18
7.92224e+17
2.01623e+18
8.89779e+18
3.40808e+19
6.37577e+19
6.46197e+19
5.10115e+19
1.37803e+19
1.32349e+18
1.10235e+19
1.03461e+19
6.99973e+18
4.45086e+18
3.21549e+18
2.65083e+18
