# Plot index: 3
# FFT size: 66
# Segment size: 4
4.30728e+17
3.63432e+17
4.61021e+17
1.54358e+17
2.67638e+17
7.01091e+17
1.04281e+18
1.63692e+18
1.26928e+18
5.36855e+16
9.77192e+17
3.15154e+18
5.188e+18
6.37482e+18
5.22081e+18
3.83512e+18
3.11403e+18
3.27642e+18
2.38824e+18
1.19444e+18
7.47173e+17
3.64597e+17
7.20362e+17
9.73932e+17
8.68461e+17
1.08462e+18
1.46818e+18
1.97136e+18
2.60253e+18
2.75819e+18
2.41028e+18
1.56389e+18
1.06227e+18
9.83421e+17
1.62637e+18
2.7551e+18
4.00356e+18
4.40245e+18
2.78587e+18
2.37314e+18
1.03985e+18
1.86341e+16
8.26839e+17
1.26333e+18
9.74899e+17
8.42512e+17
7.00094e+17
4.47635e+17
1.20907e+17
6.12888e+16
5.11823e+17
8.53126e+17
1.70572e+18
9.85087e+18
5.14752e+19
9.81084e+19
9.9674e+19
8.09963e+19
2.70689e+19
6.43187e+17
2.30602e+18
2.30235e+18
8.1919e+17
6.85716e+16
1.46166e+17
3.69917e+17
