# Plot index: 0
# FFT size: 66
# Segment size: 4
1.15249e+18
9.86243e+17
1.17254e+18
9.98416e+17
7.52066e+17
8.20714e+17
5.33469e+17
9.32894e+16
2.83965e+17
4.42044e+17
7.92956e+17
7.93632e+17
1.64137e+17
2.77906e+17
8.44156e+17
1.55591e+18
1.49143e+18
1.29819e+18
6.65614e+17
1.52984e+16
1.59773e+17
7.5251e+17
1.40999e+18
1.01704e+18
5.94089e+17
7.9775e+16
3.61241e+17
1.0356e+18
1.61523e+18
1.89262e+18
1.23433e+18
5.70823e+17
2.08076e+17
6.92489e+17
7.03245e+17
4.13606e+17
1.44088e+17
5.12352e+16
6.51566e+17
1.06277e+18
1.12169e+18
1.64607e+18
1.89938e+18
1.22172e+18
9.39806e+17
8.59352e+17
4.75939e+17
3.63316e+17
4.74477e+17
5.41555e+17
9.49488e+17
1.89525e+18
2.64718e+18
2.40795e+18
1.22825e+18
9.18141e+17
1.15844e+18
1.57091e+18
1.97432e+18
7.64402e+17
2.91226e+17
1.00315e+18
2.11807e+18
2.70127e+18
2.23682e+18
1.70938e+18
