# Plot index: 1
# FFT size: 66
# Segment size: 4
4.32339e+17
1.44146e+17
1.36909e+18
4.67541e+19
2.57385e+20
3.95069e+20
4.17124e+20
3.46154e+20
1.00298e+20
7.64624e+18
2.16856e+18
3.20468e+18
4.28024e+18
4.57847e+18
2.76889e+18
2.14983e+18
3.08788e+18
3.00083e+18
2.38242e+18
1.64975e+18
1.52926e+18
1.94837e+18
1.8995e+18
1.26167e+18
7.42887e+17
4.21999e+18
6.17182e+18
6.54402e+18
3.98779e+18
8.7607e+17
2.29538e+17
4.5632e+17
1.02121e+18
1.98401e+19
6.81994e+19
8.42032e+19
8.52541e+19
4.89122e+19
6.80675e+18
6.14177e+17
1.10713e+18
1.88592e+18
1.61144e+18
5.37537e+17
1.05912e+17
1.09611e+18
1.45452e+18
1.22725e+18
1.19942e+18
7.43913e+17
2.47098e+17
2.74446e+17
5.54229e+17
6.48469e+18
5.11976e+19
1.02387e+20
9.83044e+19
8.39636e+19
3.73918e+19
3.81151e+18
3.36114e+16
1.08991e+17
3.07621e+17
1.13937e+18
1.45828e+18
6.72892e+17
