# Plot index: 0
# FFT size: 66
# Segment size: 4
3.54969e+20
6.23226e+19
2.76614e+18
1.16689e+18
1.27428e+18
1.32676e+18
2.72538e+18
3.99483e+19
1.09152e+20
1.36939e+20
1.30106e+20
7.32032e+19
1.53604e+19
3.08575e+18
4.23663e+18
5.63219e+18
5.88275e+18
6.68705e+18
3.22763e+19
1.16329e+20
1.74952e+20
1.72901e+20
1.29463e+20
4.20043e+19
4.41075e+18
2.87769e+18
4.74092e+18
3.8458e+18
4.21883e+18
3.66501e+19
1.27641e+20
1.56202e+20
1.38334e+20
9.7007e+19
1.85025e+19
1.61024e+18
2.54159e+18
3.00942e+18
3.47822e+18
4.52176e+18
8.34559e+18
1.35011e+19
1.5442e+19
1.48303e+19
7.5018e+18
1.93996e+18
1.01847e+18
8.90207e+17
7.04297e+17
5.49406e+17
1.1498e+18
8.48405e+16
1.55096e+19
3.08496e+19
3.29635e+19
3.16215e+19
7.34737e+18
1.62946e+17
1.7773e+18
1.7147e+18
1.22053e+18
1.01784e+18
1.57012e+18
1.43234e+18
3.32171e+17
4.82484e+17
