# Plot index: 2
# FFT size: 66
# Segment size: 4
6.45288e+18
5.92934e+18
4.91503e+19
2.41961e+20
3.63542e+20
3.88967e+20
3.34801e+20
1.0334e+20
1.22912e+19
2.48261e+20
7.70764e+20
9.16551e+20
8.91021e+20
5.34992e+20
9.44454e+19
6.32541e+18
2.74554e+18
3.49799e+18
2.88513e+18
1.72263e+19
6.17661e+19
7.63413e+19
8.08812e+19
4.14905e+19
5.6595e+17
7.02347e+18
8.81326e+18
7.44182e+18
4.30411e+18
3.9524e+17
1.58896e+18
2.68151e+18
4.48042e+19
5.09717e+19
5.52767e+19
3.59324e+19
5.15286e+18
2.86716e+17
7.55699e+17
7.79411e+17
3.65511e+18
2.44029e+18
1.56256e+18
2.60567e+18
3.3779e+19
1.22149e+20
1.62758e+20
1.62163e+20
1.21189e+20
3.91377e+19
9.61067e+18
5.40622e+18
2.90246e+18
1.30096e+18
5.72688e+18
2.47363e+19
3.41054e+19
3.63929e+19
2.92019e+19
5.76445e+18
5.8558e+17
1.99711e+18
1.84665e+18
2.08914e+18
1.64465e+18
2.52657e+18
