# Plot index: 3
# FFT size: 66
# Segment size: 4
3.66695e+18
2.63859e+18
1.34634e+18
6.84678e+17
5.60357e+17
7.23269e+17
1.21366e+18
9.74076e+17
2.51534e+17
2.36411e+17
2.36308e+17
4.53212e+17
1.4872e+18
2.06191e+18
4.85945e+17
6.94673e+16
1.12269e+18
3.66356e+18
3.94858e+18
1.89548e+18
1.84686e+18
1.62654e+18
1.19221e+18
7.45065e+17
1.49919e+17
1.83375e+17
2.90479e+16
6.44891e+16
1.89106e+17
7.96001e+17
1.10081e+18
1.01123e+18
1.1055e+18
1.71324e+18
2.40385e+18
5.21975e+18
5.07208e+18
1.88007e+18
1.51121e+18
2.61033e+18
4.11215e+18
1.63231e+18
2.93128e+17
1.35902e+18
1.9024e+18
1.25544e+18
3.91837e+17
8.93489e+16
1.08191e+18
2.6705e+18
4.04856e+18
4.74881e+18
5.23504e+18
3.90624e+18
7.93355e+18
3.61228e+19
6.13367e+19
5.42406e+19
4.48199e+19
1.38644e+19
1.28932e+17
2.7862e+18
9.01606e+17
5.37522e+16
1.70547e+17
6.40104e+17
