# Plot index: 1
# FFT size: 66
# Segment size: 4
8.35471e+17
2.07522e+18
2.87983e+18
5.70607e+18
2.96362e+19
2.05858e+20
4.9063e+20
5.44726e+20
5.09489e+20
2.54751e+20
2.50694e+19
4.05098e+17
1.67571e+18
1.45039e+18
5.85543e+17
3.54766e+17
6.09503e+17
3.75051e+17
1.41138e+17
2.08163e+17
5.40045e+17
5.20602e+17
1.36329e+16
4.59583e+17
9.78112e+17
1.15217e+18
5.49359e+17
3.17193e+16
4.25736e+17
6.54533e+17
4.20702e+17
8.15807e+16
3.14376e+17
4.36364e+17
1.4005e+18
6.12805e+18
3.61109e+19
9.44753e+19
1.0904e+20
9.74452e+19
4.69289e+19
1.89238e+18
3.83947e+18
5.12212e+18
4.39427e+18
2.29077e+18
8.37391e+17
7.53102e+17
6.37389e+17
3.14873e+17
8.95011e+17
2.24064e+18
2.58988e+18
2.05223e+17
1.65637e+19
6.34752e+19
7.74893e+19
7.15888e+19
3.91278e+19
5.61679e+18
3.65214e+17
4.72973e+17
3.56728e+17
2.08489e+17
3.99317e+17
1.75037e+17
