# Plot index: 3
# FFT size: 66
# Segment size: 4
1.26068e+17
8.64174e+17
2.13524e+18
2.57168e+18
1.19933e+18
1.89938e+17
2.16026e+17
2.1421e+17
9.35959e+16
2.28026e+17
1.02997e+18
1.72628e+18
3.79853e+18
5.44802e+18
3.01353e+18
1.20554e+18
2.51602e+17
7.91134e+17
1.41503e+18
8.38541e+17
5.9792e+17
1.26939e+18
1.82726e+18
1.48915e+18
8.10967e+17
5.8248e+17
8.4389e+17
1.53502e+18
2.34982e+18
3.23712e+18
2.62754e+18
1.42423e+18
1.42542e+18
2.10925e+18
1.5942e+18
1.34433e+18
3.60553e+18
5.74029e+18
9.13839e+18
6.51032e+18
2.1493e+18
6.53273e+17
1.93221e+16
2.18805e+17
3.206e+17
4.38093e+17
4.56749e+17
3.83519e+17
3.4255e+17
1.32264e+17
3.03415e+17
9.68458e+17
2.03351e+18
2.7125e+17
1.35865e+19
5.38403e+19
6.98468e+19
7.24607e+19
4.36213e+19
1.02462e+19
4.36199e+18
5.27152e+18
4.55697e+18
1.93048e+18
1.43851e+17
8.95775e+16
