# Plot index: 1
# FFT size: 66
# Segment size: 4
3.78835e+17
1.02255e+18
1.50266e+18
4.11465e+18
4.15245e+19
2.7543e+20
5.26843e+20
5.29815e+20
4.59059e+20
1.79726e+20
1.10985e+19
3.77585e+17
1.25688e+18
1.7382e+18
8.88845e+17
6.28391e+17
6.99824e+17
6.14221e+17
6.63117e+17
4.57199e+17
4.72644e+17
7.19025e+17
4.64599e+17
8.31303e+17
3.05837e+18
4.88128e+18
4.69821e+18
2.3686e+18
4.18484e+17
9.42924e+15
5.26594e+15
2.61775e+17
5.88149e+17
1.46022e+18
2.86855e+18
1.26644e+19
6.46233e+19
1.09292e+20
1.00744e+20
8.13521e+19
2.39159e+19
8.9539e+17
1.82539e+18
1.83432e+18
1.41624e+18
4.82334e+17
1.25423e+18
1.51031e+18
1.46907e+18
1.89596e+18
1.83178e+18
8.55841e+17
3.82507e+17
6.59921e+18
4.74428e+19
8.76703e+19
9.97395e+19
8.57047e+19
3.15701e+19
2.98758e+18
9.38528e+16
5.21752e+17
1.07153e+18
1.17199e+18
2.51738e+18
1.93287e+18
