# Plot index: 1
# FFT size: 66
# Segment size: 4
2.39168e+18
1.86126e+18
4.49946e+17
4.02692e+19
2.42399e+20
3.59905e+20
3.69049e+20
2.78215e+20
6.74809e+19
3.27649e+18
8.87102e+16
1.23824e+17
7.00249e+16
8.30291e+16
4.74297e+17
4.96285e+17
8.73165e+16
5.09544e+17
1.9269e+18
4.67069e+18
6.29642e+18
4.7181e+18
2.97933e+18
1.02477e+18
6.38113e+17
4.72989e+18
7.81688e+18
7.10618e+18
5.07323e+18
1.30267e+18
6.54593e+17
1.88779e+18
1.90649e+18
9.13796e+17
5.45094e+17
3.31213e+17
3.60816e+16
6.3989e+16
2.72934e+17
6.21715e+17
4.24071e+17
2.00703e+18
1.88267e+18
1.4102e+18
1.13255e+18
5.46858e+17
9.39327e+17
1.931e+18
2.8951e+18
3.33007e+18
2.56184e+18
1.77231e+18
1.67379e+18
2.3172e+18
2.45563e+19
8.55599e+19
1.05685e+20
1.00016e+20
6.06604e+19
8.55188e+18
5.16113e+16
8.00452e+17
8.3871e+17
1.39711e+18
9.70356e+16
7.83615e+17
