# Plot index: 0
# FFT size: 66
# Segment size: 4
1.34368e+18
1.53776e+18
1.5143e+18
7.86491e+17
7.95275e+17
1.30183e+18
9.62103e+17
7.8348e+17
8.97883e+17
6.62902e+17
3.10723e+17
8.22318e+16
2.2606e+16
1.96791e+17
2.87562e+17
1.67044e+17
1.44658e+17
3.98002e+17
7.35943e+17
1.40011e+18
1.21342e+18
2.67974e+17
3.17104e+14
3.18694e+17
1.20348e+18
1.13101e+18
3.85494e+17
1.33988e+17
4.91237e+16
1.49256e+17
1.89129e+17
1.59002e+16
9.06614e+16
3.15436e+17
2.74973e+17
3.10278e+17
5.16957e+17
6.49162e+17
1.01252e+18
1.14174e+18
6.12333e+17
9.61359e+17
2.0544e+18
2.29802e+18
1.85286e+18
7.34727e+17
4.63484e+16
3.16855e+17
1.00496e+18
1.54688e+18
8.57115e+17
3.30069e+17
2.17238e+17
3.44991e+17
1.51176e+18
3.50635e+18
3.47304e+18
2.46711e+18
1.56346e+18
5.76038e+17
2.6262e+17
4.04463e+17
5.40026e+17
2.61049e+17
1.96915e+16
2.06766e+17
