# Plot index: 2
# FFT size: 66
# Segment size: 4
7.43922e+17
2.81365e+18
2.36053e+18
1.84338e+18
8.90606e+17
1.43942e+18
1.99959e+18
1.61545e+18
3.01579e+18
9.71918e+19
5.18681e+20
7.54003e+20
7.31961e+20
5.50634e+20
1.25181e+20
1.30375e+18
2.5217e+17
7.48833e+16
1.89725e+18
4.20441e+19
1.20783e+20
1.51633e+20
1.54693e+20
8.55844e+19
1.44177e+19
1.04414e+18
2.20187e+18
6.31905e+18
4.57039e+18
3.27344e+18
3.51581e+18
6.01154e+18
7.11862e+18
3.09287e+18
6.71393e+17
4.94436e+18
2.71093e+19
4.00935e+19
3.51361e+19
2.35917e+19
4.31394e+18
1.59128e+16
5.32752e+15
3.4475e+17
3.94988e+18
4.01265e+19
1.04377e+20
1.09214e+20
1.00446e+20
5.34007e+19
6.39522e+18
1.36428e+18
1.29864e+18
1.69647e+18
1.81603e+18
1.8013e+19
3.69656e+19
4.40526e+19
3.912e+19
1.30653e+19
3.98534e+17
1.62349e+18
8.44991e+18
1.15664e+19
7.00154e+18
3.37266e+18
