# Plot index: 2
# FFT size: 66
# Segment size: 4
1.38518e+18
1.06284e+18
1.38063e+18
2.31447e+18
4.6703e+18
1.01024e+19
1.26696e+19
1.02495e+19
7.58296e+18
2.46895e+18
1.59569e+19
2.63144e+20
7.57861e+20
8.93281e+20
8.83547e+20
5.0729e+20
8.1347e+19
1.87332e+19
6.94698e+19
1.0078e+20
1.03339e+20
7.52953e+19
1.49042e+19
2.53051e+16
2.11677e+18
3.1267e+18
1.69694e+18
1.86481e+17
5.88136e+17
1.95269e+18
1.18868e+18
1.26643e+17
9.31335e+16
1.64846e+17
5.04847e+16
5.40628e+16
1.47946e+18
4.40295e+18
6.3554e+18
5.8878e+18
1.93766e+18
3.89584e+18
2.24629e+19
4.42103e+19
4.60774e+19
4.22533e+19
1.99913e+19
3.26529e+18
3.29347e+19
1.1062e+20
1.4069e+20
1.44765e+20
1.04279e+20
2.38122e+19
3.76462e+18
1.05152e+19
1.62986e+19
1.63407e+19
1.5241e+19
5.37838e+18
8.20182e+17
3.79259e+17
5.91502e+17
9.49293e+17
1.14952e+18
1.48784e+18
