# Plot index: 2
# FFT size: 66
# Segment size: 4
6.92343e+17
1.9271e+17
5.14758e+16
1.11387e+18
2.6526e+18
3.213e+18
5.63321e+18
7.22937e+18
9.23947e+18
1.00022e+19
1.35448e+19
1.81433e+20
6.50879e+20
8.43694e+20
8.7968e+20
6.03354e+20
1.26789e+20
2.6085e+19
7.5229e+19
9.04934e+19
8.50099e+19
4.70899e+19
3.92961e+18
2.89096e+17
1.70976e+18
2.21572e+18
2.91965e+18
2.4194e+18
4.18899e+17
1.88218e+16
1.62885e+17
1.39753e+17
2.47311e+17
6.73702e+17
1.87842e+18
2.65152e+18
1.92706e+18
1.05855e+18
1.52113e+18
2.6645e+18
4.9133e+18
4.20515e+18
1.61282e+18
1.02744e+19
2.50805e+19
3.52452e+19
4.07066e+19
2.27879e+19
1.92663e+19
8.07985e+19
1.37797e+20
1.5719e+20
1.47739e+20
5.85789e+19
1.17947e+19
2.69196e+19
3.74115e+19
3.68538e+19
2.94159e+19
6.81471e+18
4.00383e+17
2.24301e+18
2.42545e+18
2.07059e+18
2.28666e+18
1.41798e+18
