# Plot index: 3
# FFT size: 66
# Segment size: 4
1.73843e+18
1.55854e+18
1.47724e+18
1.21482e+18
5.69047e+17
6.57847e+17
1.62984e+18
2.49885e+18
6.64985e+20
6.8011e+20
6.13114e+20
2.73153e+20
3.24512e+19
4.89655e+18
4.56725e+18
2.92471e+18
1.81591e+18
1.63266e+18
2.97502e+18
3.35095e+18
2.80016e+18
3.04649e+18
2.50174e+18
1.57352e+18
1.28819e+18
1.72876e+18
2.60232e+18
4.07782e+18
5.62832e+18
6.5982e+18
6.94909e+18
5.40391e+18
2.46337e+18
6.70019e+17
7.04604e+17
1.23985e+18
1.49723e+18
1.59398e+18
2.7507e+18
1.86986e+18
3.77888e+17
2.8269e+17
2.12612e+18
3.85734e+18
2.53181e+18
1.0645e+18
1.05139e+18
8.12361e+17
4.13618e+17
6.61408e+17
6.55549e+17
4.08489e+17
3.68598e+17
2.84232e+18
2.99912e+19
7.20366e+19
7.92807e+19
8.27457e+19
4.95049e+19
1.02847e+19
2.53711e+18
8.48302e+17
2.79065e+17
3.07236e+17
2.72305e+17
3.03714e+17
