# Plot index: 1
# FFT size: 66
# Segment size: 4
1.63631e+19
1.81394e+20
3.81488e+20
4.08644e+20
3.62239e+20
1.31454e+20
5.74727e+18
1.10779e+18
1.82492e+18
1.0405e+18
5.8732e+17
1.05038e+18
1.58348e+18
1.55956e+18
2.80307e+18
5.58808e+18
7.56141e+18
7.38444e+18
5.14999e+18
3.11248e+18
2.70738e+18
2.2531e+18
1.8212e+18
1.15351e+18
9.4664e+17
5.6824e+17
2.38193e+17
4.34891e+18
3.29535e+19
6.10204e+19
6.29778e+19
5.14238e+19
1.62142e+19
3.29777e+17
5.79901e+17
3.89134e+17
9.25614e+16
2.38913e+17
1.6689e+18
2.76468e+18
2.7121e+18
2.67356e+18
2.55034e+18
2.16725e+18
1.70809e+18
6.75977e+17
1.38834e+17
2.99505e+16
1.74231e+17
7.999e+17
8.39411e+17
1.02935e+18
8.54093e+17
1.41373e+17
4.90658e+18
5.02575e+19
9.05014e+19
9.30242e+19
7.90794e+19
2.5256e+19
8.5407e+17
3.62192e+17
6.13883e+17
2.78798e+17
1.5648e+17
1.07408e+18
