# Plot index: 2
# FFT size: 66
# Segment size: 4
2.57928e+18
4.90118e+18
5.00981e+18
3.09649e+18
2.93261e+18
5.15966e+18
4.16669e+18
1.60534e+18
5.3657e+18
1.93369e+20
6.61887e+20
7.96503e+20
7.78308e+20
4.62319e+20
6.2519e+19
2.23833e+18
2.46764e+18
3.03237e+18
9.36846e+18
4.65458e+19
1.04343e+20
1.19606e+20
1.2028e+20
6.53428e+19
1.12044e+19
7.26465e+17
1.9255e+18
2.29868e+18
1.84535e+18
2.26786e+18
7.0978e+18
7.70933e+18
3.86863e+18
6.08118e+17
1.76025e+18
1.73094e+19
2.72067e+19
2.43597e+19
1.97525e+19
5.84644e+18
3.5743e+18
3.62942e+18
2.24532e+18
8.89444e+17
1.58881e+19
8.98107e+19
1.33654e+20
1.36167e+20
1.00409e+20
2.05567e+19
5.37116e+17
1.61598e+18
2.09399e+18
1.17447e+18
4.58892e+18
2.44352e+19
3.58642e+19
3.22411e+19
1.6292e+19
1.35022e+18
2.6884e+18
7.34526e+18
6.78861e+18
4.77198e+18
3.04263e+17
4.38341e+17
