# Plot index: 0
# FFT size: 66
# Segment size: 4
1.78982e+18
6.23075e+18
1.31466e+19
1.91435e+19
1.90061e+19
1.26951e+19
4.45767e+18
7.18648e+17
3.62784e+16
1.22771e+17
6.70313e+17
9.37927e+17
8.99698e+17
9.49391e+17
1.04218e+18
1.64749e+18
1.86537e+18
9.21623e+17
4.19587e+17
1.58305e+17
4.20734e+16
1.97597e+17
1.13929e+17
1.64218e+17
7.02354e+17
1.2615e+18
1.71905e+18
2.99821e+18
3.09092e+18
1.93492e+18
1.15227e+18
6.18822e+17
3.2907e+17
2.54869e+17
1.97117e+16
1.71189e+17
7.01801e+17
1.28986e+18
1.43628e+18
1.82539e+18
2.69264e+18
3.3924e+18
3.53731e+18
2.16129e+18
8.89678e+17
3.23798e+17
1.11763e+16
5.00282e+17
1.32072e+18
1.39154e+18
6.27114e+17
5.42512e+17
9.07818e+17
8.11917e+17
3.90145e+17
2.75368e+17
3.27721e+17
3.95726e+17
6.76765e+17
3.22387e+17
1.09158e+17
7.8086e+17
1.07952e+18
8.62823e+17
6.46112e+17
1.737e+18
