# Plot index: 2
# FFT size: 66
# Segment size: 4
7.3886e+17
4.09725e+17
2.61275e+17
2.57669e+17
2.32711e+17
6.34424e+17
2.25587e+18
6.62916e+18
1.06608e+19
1.21052e+19
9.73844e+18
6.93881e+19
4.6957e+20
8.27132e+20
8.40208e+20
7.00774e+20
2.17194e+20
5.9991e+19
1.23637e+20
1.29731e+20
1.18355e+20
5.89094e+19
1.65408e+19
1.01508e+19
6.13301e+18
4.5815e+18
3.05741e+18
1.4472e+18
1.85551e+18
1.64914e+18
1.38029e+18
2.80043e+18
4.62052e+18
4.93653e+18
3.59559e+18
1.50752e+18
6.99281e+17
3.26296e+17
2.65769e+17
2.16645e+18
6.58534e+18
8.67259e+18
9.78241e+18
8.6126e+18
1.43077e+19
3.31595e+19
3.98665e+19
3.59457e+19
1.80567e+19
1.52313e+19
7.30457e+19
1.07379e+20
1.12531e+20
8.64558e+19
2.0787e+19
2.8612e+19
4.48054e+19
3.64254e+19
2.7298e+19
1.02057e+19
3.76748e+18
4.53606e+18
4.78479e+18
7.10286e+18
8.83675e+18
8.02236e+18
