# Plot index: 1
# FFT size: 66
# Segment size: 4
5.16416e+18
2.03293e+18
1.35622e+19
1.62858e+20
3.30896e+20
3.51454e+20
3.4281e+20
1.49751e+20
1.69911e+19
1.53704e+18
6.42718e+17
2.06554e+17
9.9459e+16
5.66638e+16
3.61592e+17
1.58432e+18
4.22035e+18
2.70875e+18
1.86005e+18
1.67571e+18
1.9148e+18
2.71921e+18
2.72427e+18
2.99362e+18
6.69906e+17
7.02941e+17
4.7454e+18
9.77463e+18
1.05848e+19
6.71748e+18
4.40341e+18
1.78438e+19
7.76371e+19
1.2434e+20
1.17691e+20
9.73031e+19
3.56873e+19
2.58441e+18
6.84828e+17
2.57193e+18
3.68491e+18
2.92027e+18
1.66345e+18
6.80153e+17
2.34087e+17
1.1354e+17
2.02046e+17
6.5841e+17
1.92486e+18
3.30525e+18
4.34443e+18
6.28969e+18
5.07922e+18
8.6146e+17
8.56355e+18
5.48295e+19
8.44254e+19
8.76985e+19
5.94243e+19
1.0551e+19
1.91353e+18
3.17624e+18
2.6654e+18
3.02287e+18
3.24929e+18
3.4852e+18
