# Plot index: 1
# FFT size: 66
# Segment size: 4
1.56072e+18
2.40993e+18
2.59369e+18
3.6476e+18
3.62188e+19
2.3175e+20
4.27849e+20
4.41367e+20
3.75466e+18
2.14591e+18
5.48094e+17
1.12937e+16
1.42737e+17
3.09105e+17
1.61068e+17
2.6857e+15
2.86953e+18
1.08152e+18
1.45907e+17
4.83409e+16
4.28409e+17
7.69135e+17
1.72075e+18
4.05574e+18
5.89114e+18
6.413e+18
6.64122e+18
5.34203e+18
2.63316e+18
4.79163e+17
6.93533e+16
2.82578e+17
1.90642e+17
1.34342e+16
3.92353e+17
1.08937e+19
5.88955e+19
9.44075e+19
9.4614e+19
7.85066e+19
2.41818e+19
7.53171e+17
1.54364e+18
1.70592e+18
2.01175e+18
1.82805e+18
2.59989e+18
4.06612e+18
5.18576e+18
4.97028e+18
2.86665e+18
1.22267e+18
4.00986e+17
3.9404e+18
4.04618e+19
8.13691e+19
9.10761e+19
9.28462e+19
4.89209e+19
1.24701e+19
4.33023e+18
2.61778e+18
3.17598e+18
2.70747e+18
1.47333e+18
8.73302e+17
