# Plot index: 3
# FFT size: 66
# Segment size: 4
6.46172e+17
1.02759e+18
1.79927e+17
7.21801e+16
4.74212e+17
1.14249e+18
1.50909e+18
4.36722e+17
3.65962e+17
2.68731e+18
6.76519e+18
7.05397e+18
3.58525e+18
2.4298e+18
2.44187e+18
2.29834e+18
3.30265e+18
3.83165e+18
1.29336e+18
3.3645e+16
7.16365e+17
2.15015e+18
2.21185e+18
7.49265e+17
2.06231e+17
3.67192e+17
6.05386e+17
7.61655e+17
2.99679e+17
2.22083e+17
9.85807e+17
8.9492e+17
6.06341e+17
8.65964e+17
1.59711e+18
2.06092e+18
2.71834e+18
3.00596e+18
2.38003e+18
2.15623e+18
2.45118e+18
3.21509e+18
1.48014e+18
9.02784e+16
1.03136e+18
1.76274e+18
2.05438e+18
1.55348e+18
6.86545e+17
1.208e+17
2.66747e+17
2.09449e+17
7.84164e+16
4.90556e+17
1.00428e+19
4.59075e+19
7.10083e+19
7.96095e+19
6.5152e+19
2.34383e+19
5.60602e+18
2.56992e+18
1.02343e+18
6.52403e+17
5.96177e+17
2.97214e+17
