# Plot index: 3
# FFT size: 66
# Segment size: 4
2.80239e+17
6.87995e+17
1.5256e+18
2.84852e+18
3.30436e+18
2.30092e+18
1.84765e+18
1.78165e+18
2.56347e+18
3.42601e+18
2.89259e+18
1.1735e+18
3.18562e+17
1.21534e+17
4.48425e+17
1.52207e+18
1.87534e+18
1.67083e+18
4.0286e+17
9.89134e+17
2.5766e+18
2.25966e+18
1.05176e+18
1.27818e+17
1.14359e+18
1.76378e+18
1.43281e+18
6.29033e+17
4.54342e+17
3.42309e+17
3.36627e+17
2.02113e+17
6.21367e+16
5.92753e+17
1.84657e+18
3.9272e+18
3.35304e+18
1.17297e+18
3.11448e+17
1.76163e+18
5.03828e+18
5.96666e+18
5.51355e+18
3.76265e+18
1.35016e+18
6.07048e+17
1.10071e+17
2.33396e+16
9.48907e+17
4.38732e+18
6.7312e+18
6.32194e+18
4.45318e+18
2.01239e+18
4.93556e+18
3.41983e+19
6.39861e+19
7.59656e+19
7.15861e+19
2.85365e+19
4.90757e+18
2.90187e+18
1.83196e+18
1.27712e+18
6.70219e+17
3.30705e+17
