# Plot index: 2
# FFT size: 66
# Segment size: 4
6.89177e+16
2.22234e+18
7.5813e+18
7.80425e+18
6.62953e+18
2.67213e+18
9.46651e+18
2.2912e+20
6.79203e+20
7.76661e+20
7.56405e+20
4.5617e+20
7.96235e+19
9.87287e+18
1.03256e+19
1.0596e+19
9.72703e+18
6.21424e+18
1.55511e+18
2.75307e+17
3.36674e+18
5.81917e+19
1.24003e+20
1.32669e+20
1.19718e+20
4.4101e+19
4.93737e+17
1.48864e+19
2.87314e+19
2.74428e+19
2.38265e+19
7.41123e+18
4.52281e+17
2.15092e+17
9.29716e+17
3.59558e+18
4.82566e+18
5.24155e+18
4.74445e+18
1.40859e+17
1.61289e+19
7.9152e+19
1.07991e+20
1.05727e+20
7.50259e+19
1.72864e+19
3.00741e+18
5.43518e+18
6.48255e+18
6.44654e+18
5.08585e+18
1.2596e+18
7.71053e+17
8.87512e+17
1.29265e+19
3.91689e+19
4.69366e+19
4.86574e+19
2.70144e+19
3.25692e+18
5.61974e+17
3.46533e+18
3.65642e+18
2.58304e+18
8.77374e+17
3.7304e+17
