# Plot index: 0
# FFT size: 66
# Segment size: 4
2.28798e+17
1.69585e+17
5.36215e+17
1.66071e+18
2.59056e+18
2.47314e+18
1.3646e+18
4.17865e+17
9.3327e+16
1.5287e+17
2.04804e+17
6.2731e+16
3.82501e+16
2.84366e+17
6.2955e+17
1.0387e+18
6.00533e+17
1.77464e+17
6.1497e+16
2.42456e+16
2.02173e+17
1.10312e+17
2.48668e+17
4.75585e+17
1.28194e+18
4.5973e+17
5.47113e+16
4.72224e+17
1.62777e+18
1.83591e+18
5.43113e+17
6.6417e+16
2.4306e+17
3.80828e+17
2.79003e+17
2.37503e+17
5.73327e+17
1.48128e+18
2.29238e+18
2.0189e+18
1.07233e+18
2.51481e+17
3.39883e+16
3.85469e+16
7.35108e+16
8.65821e+16
4.11316e+17
1.00987e+18
1.37958e+18
1.5615e+18
1.20895e+18
7.45067e+17
4.87031e+17
7.05657e+17
1.19771e+18
1.61093e+18
2.49815e+18
2.42839e+18
1.29879e+18
6.69077e+17
3.85001e+17
3.26941e+17
4.17961e+17
6.54555e+17
9.30148e+17
2.68381e+18
