# Plot index: 2
# FFT size: 66
# Segment size: 4
1.78982e+18
6.23075e+18
1.31466e+19
1.91435e+19
1.90061e+19
1.26951e+19
4.45767e+18
7.18648e+17
2.26594e+16
1.02276e+19
2.17051e+20
7.08582e+20
8.68393e+20
8.49754e+20
5.00521e+20
7.04873e+19
8.48379e+17
1.48888e+18
2.20637e+19
7.57191e+19
9.40948e+19
1.03009e+20
7.56819e+19
2.21991e+19
5.71633e+18
2.02576e+18
5.48286e+17
1.76618e+18
3.86391e+18
7.3744e+18
1.13715e+19
1.28951e+19
1.11251e+19
6.58236e+18
2.45219e+18
1.13992e+18
6.93542e+17
1.36343e+18
8.04392e+18
2.81057e+19
4.26468e+19
4.04088e+19
2.38465e+19
3.58496e+18
6.96732e+16
1.85967e+18
2.43084e+19
1.00253e+20
1.40176e+20
1.34603e+20
9.3975e+19
1.82407e+19
7.00012e+17
1.38119e+18
6.22422e+18
2.58755e+19
4.17165e+19
4.98166e+19
5.03642e+19
2.93298e+19
1.10042e+19
2.97904e+18
3.59688e+17
2.23745e+18
4.82835e+18
4.32765e+18
