# Plot index: 3
# FFT size: 66
# Segment size: 4
1.45634e+16
3.63477e+17
1.10491e+18
9.30091e+17
1.38386e+17
2.37585e+17
1.13677e+18
1.63702e+18
1.61161e+18
2.08479e+18
3.77136e+18
6.09556e+18
9.90133e+18
1.06645e+19
6.71181e+18
3.34323e+18
1.38434e+18
6.73421e+17
4.17488e+17
8.1295e+17
1.03047e+18
6.52449e+17
1.86162e+17
9.73775e+16
1.56778e+17
7.56355e+16
2.80236e+17
6.21256e+17
1.0977e+18
1.24971e+18
5.7002e+17
1.89119e+17
4.28781e+17
2.97933e+17
6.63139e+17
3.22684e+18
1.1415e+19
2.28968e+19
2.28884e+19
1.60647e+19
8.86193e+18
2.11893e+18
8.79925e+16
8.27572e+16
1.09642e+17
2.67707e+17
1.43639e+18
3.61822e+18
4.7552e+18
3.33107e+18
1.68845e+18
9.23359e+17
9.83744e+17
4.93109e+18
3.44226e+19
7.29912e+19
7.58183e+19
7.2157e+19
3.53829e+19
3.80272e+18
3.49306e+17
3.63707e+17
7.28549e+16
4.88207e+17
9.22899e+18
8.11399e+18
