# Plot index: 3
# FFT size: 66
# Segment size: 4
3.79539e+17
1.08495e+18
2.50492e+18
2.88614e+18
2.50046e+18
2.30395e+18
1.8117e+18
1.44734e+18
1.27753e+18
1.28269e+18
1.37814e+18
1.11874e+18
7.1107e+17
2.09071e+17
4.30793e+16
3.31536e+16
8.90833e+16
2.59922e+17
1.72075e+17
3.81518e+16
1.11073e+18
3.15181e+18
3.30272e+18
1.26777e+18
4.60623e+16
7.55147e+17
1.67395e+18
2.25768e+18
1.65468e+18
7.13951e+17
1.33442e+17
2.02938e+16
6.78981e+16
5.09611e+17
9.91835e+17
5.00991e+17
2.96793e+17
2.95885e+18
7.26658e+18
7.85347e+18
5.42078e+18
2.16298e+18
5.75673e+17
1.54529e+18
4.00219e+18
6.11164e+18
6.95842e+18
5.33537e+18
2.08483e+18
1.13047e+18
1.20134e+18
1.0926e+18
1.02268e+18
4.66347e+18
3.79372e+19
7.63165e+19
7.84916e+19
7.10622e+19
2.80046e+19
2.1052e+18
3.03623e+17
4.20024e+17
1.1773e+17
1.48728e+17
3.22681e+17
3.38915e+17
