# Plot index: 1
# FFT size: 66
# Segment size: 4
1.4347e+19
1.33185e+20
3.22085e+20
3.715e+20
3.71825e+20
2.01758e+20
3.30656e+19
2.42432e+18
5.75692e+17
3.55229e+17
1.78428e+15
1.84465e+17
4.04032e+17
4.75518e+17
2.73842e+17
1.68651e+17
6.94138e+16
3.29096e+17
4.12682e+17
4.14603e+17
8.49657e+17
1.75938e+18
1.80434e+18
1.8163e+18
1.57161e+18
1.16957e+18
1.01919e+18
2.13847e+17
2.43855e+19
8.23019e+19
1.05884e+20
1.13655e+20
6.81948e+19
1.41113e+19
2.90494e+18
3.47277e+18
3.77279e+18
1.45427e+18
6.16552e+17
7.51618e+17
5.67672e+17
4.9246e+16
1.62311e+17
7.07869e+17
9.21567e+17
5.70504e+17
8.71398e+16
1.72518e+17
1.13936e+18
2.20511e+18
4.21355e+18
5.98824e+18
5.56354e+18
4.80272e+18
4.54854e+18
4.4054e+19
1.04757e+20
1.11705e+20
1.03449e+20
4.93757e+19
7.32449e+18
1.56591e+18
2.53691e+18
3.77445e+18
2.30653e+18
1.193e+18
