# Plot index: 2
# FFT size: 66
# Segment size: 4
6.11857e+17
6.04229e+17
4.43656e+17
2.91159e+17
3.87936e+17
4.61894e+17
3.07803e+17
2.59145e+17
1.59086e+18
1.10359e+19
1.79739e+20
6.53469e+20
8.26991e+20
8.24378e+20
5.58431e+20
1.03878e+20
3.01008e+18
4.91083e+18
4.627e+19
9.80439e+19
1.02614e+20
8.93283e+19
3.19543e+19
2.14541e+18
5.13969e+17
4.40678e+17
1.11195e+18
2.45015e+18
4.46602e+18
5.35746e+18
2.88929e+18
2.28729e+18
6.42635e+18
9.32441e+18
8.04266e+18
5.52071e+18
1.13337e+18
1.25628e+17
7.22727e+17
7.5459e+18
2.67302e+19
3.29373e+19
3.46099e+19
2.21179e+19
2.80485e+18
6.78241e+17
1.80052e+19
9.45665e+19
1.51948e+20
1.48734e+20
1.24915e+20
4.22856e+19
2.11778e+18
2.25256e+17
4.26163e+18
2.09063e+19
3.14014e+19
3.53646e+19
2.38305e+19
5.04821e+18
1.47857e+18
9.8289e+17
2.04642e+17
3.70553e+17
1.03032e+18
1.45018e+18
