# Plot index: 1
# FFT size: 66
# Segment size: 4
3.46543e+18
4.4011e+18
4.12011e+18
4.52808e+18
2.93051e+19
1.97751e+20
3.97652e+20
4.17079e+20
3.71267e+20
1.49151e+20
9.73053e+18
3.83508e+18
7.07059e+18
8.07155e+18
6.2687e+18
4.6568e+18
3.47691e+18
2.37915e+18
1.61584e+18
9.66774e+17
6.08063e+17
1.26536e+18
2.5087e+18
5.39199e+18
6.24839e+18
4.06468e+18
2.7548e+18
1.04541e+18
6.1976e+17
3.96235e+17
6.50335e+16
1.70382e+17
3.31347e+17
1.2279e+18
3.1694e+18
1.38377e+19
5.716e+19
9.23001e+19
8.34124e+19
6.90794e+19
2.49285e+19
7.33187e+17
2.66364e+18
5.0205e+18
6.18997e+18
5.4075e+18
4.14173e+18
3.16629e+18
2.17021e+18
2.62277e+18
3.42067e+18
3.14671e+18
1.3997e+18
2.62267e+18
4.5734e+19
9.26407e+19
9.20773e+19
7.57395e+19
2.52299e+19
1.35718e+18
2.84497e+17
1.96503e+18
3.38555e+18
1.8567e+18
2.49367e+17
1.05314e+18
