# Plot index: 1
# FFT size: 66
# Segment size: 4
1.61072e+19
6.68997e+19
3.02747e+20
4.51111e+20
4.38705e+20
3.36644e+20
9.56846e+19
5.53563e+18
1.76052e+18
2.02714e+18
1.97976e+18
1.41657e+18
1.17825e+18
9.364e+17
7.85235e+17
9.93508e+17
7.29402e+17
5.30435e+17
3.82888e+16
3.53897e+17
1.37537e+18
2.28005e+18
8.58686e+17
1.76088e+17
1.92355e+18
4.80486e+18
5.34275e+18
2.90726e+18
1.25724e+18
1.15188e+19
5.33474e+19
6.10819e+19
5.73508e+19
3.14484e+19
5.11307e+18
5.14041e+18
3.43507e+18
1.28886e+18
6.41411e+17
6.89971e+17
1.1931e+18
1.37087e+18
1.11715e+18
9.83804e+17
1.06421e+18
1.08117e+18
5.67159e+17
5.01916e+17
6.02098e+17
1.55226e+18
1.58707e+18
1.18099e+18
1.88685e+18
2.45469e+18
1.17036e+19
6.1685e+19
1.00297e+20
1.08445e+20
9.11041e+19
2.63162e+19
2.85928e+18
2.41347e+18
2.11932e+18
1.30273e+18
3.26187e+17
2.90068e+17
