# Plot index: 0
# FFT size: 66
# Segment size: 4
4.30728e+17
3.63432e+17
4.61021e+17
1.54358e+17
2.67638e+17
7.01091e+17
1.04281e+18
1.63692e+18
1.72353e+17
9.66067e+17
2.01717e+18
2.10922e+18
1.5966e+18
8.91301e+17
4.46815e+17
6.40955e+17
8.15544e+17
1.0715e+18
1.23626e+18
1.18764e+18
1.31625e+18
1.10501e+18
4.51524e+17
9.56125e+16
4.49445e+16
6.2119e+17
1.65566e+18
2.25531e+18
2.91e+18
3.41612e+18
2.58845e+18
1.66656e+18
1.13283e+18
9.00493e+17
1.09594e+18
1.49373e+18
1.79421e+18
1.16328e+18
2.356e+17
2.37959e+17
5.99303e+17
7.39211e+17
8.51937e+17
1.71998e+18
2.99963e+18
3.72144e+18
3.81141e+18
3.89406e+18
3.51778e+18
2.37745e+18
1.74289e+18
2.72034e+18
4.92566e+18
7.69176e+18
8.75451e+18
6.61785e+18
4.61168e+18
3.12353e+18
1.72406e+18
8.84485e+17
4.69752e+17
1.50872e+17
2.69855e+17
4.2143e+17
3.84781e+17
4.10582e+17
