# Plot index: 2
# FFT size: 66
# Segment size: 4
2.7056e+18
2.40321e+18
2.27526e+18
1.75167e+18
2.77128e+18
3.59902e+18
3.7661e+18
2.06662e+18
1.32774e+17
4.5259e+18
8.62528e+19
5.01843e+20
8.46585e+20
8.14871e+20
6.61601e+20
2.08522e+20
9.13987e+18
5.90625e+18
5.29083e+19
1.15118e+20
1.20414e+20
1.06879e+20
4.83723e+19
5.96975e+18
1.36175e+17
4.69269e+17
2.22675e+18
4.11876e+18
6.38367e+18
5.00116e+18
2.41973e+18
1.64678e+18
1.08389e+18
2.62051e+18
5.45118e+18
5.97857e+18
4.20873e+18
1.48365e+18
3.19939e+17
1.45693e+18
1.16481e+19
3.48507e+19
4.33697e+19
3.84795e+19
2.04666e+19
1.01041e+18
3.92791e+18
3.19715e+19
1.13002e+20
1.42753e+20
1.18662e+20
7.87999e+19
1.21538e+19
6.50359e+17
2.60613e+17
1.11769e+19
2.4619e+19
2.59929e+19
2.25954e+19
7.42455e+18
6.25184e+17
7.13491e+17
1.61101e+18
4.35039e+18
6.96419e+18
7.39529e+18
