# Plot index: 1
# FFT size: 66
# Segment size: 4
1.09791e+19
5.40715e+19
2.63641e+20
4.67446e+20
4.51044e+20
3.90495e+20
1.66375e+20
1.19694e+19
2.84525e+17
7.40973e+17
6.31294e+17
4.67333e+17
6.80375e+17
1.00173e+18
2.05956e+18
3.06703e+18
2.01552e+18
1.89706e+18
2.40015e+18
3.68816e+18
4.45357e+18
3.24582e+18
1.02033e+18
1.87746e+17
2.2407e+17
2.20091e+17
7.52144e+17
3.10963e+18
3.73859e+18
1.74169e+16
2.04892e+19
6.49989e+19
6.76858e+19
5.44137e+19
1.78845e+19
2.13183e+17
5.63545e+17
2.77143e+17
3.92604e+17
5.88132e+17
4.57539e+17
4.39238e+17
8.8142e+17
1.51928e+18
2.24288e+18
3.91982e+18
4.39925e+18
3.34461e+18
1.78897e+18
4.04696e+17
1.31159e+17
1.34e+18
1.34073e+18
2.40158e+17
1.81467e+19
7.76499e+19
1.04756e+20
1.04054e+20
6.72404e+19
1.66323e+19
2.66431e+18
1.23605e+18
5.4755e+17
6.51971e+14
2.98974e+17
4.20016e+17
