# Plot index: 3
# FFT size: 66
# Segment size: 4
7.57837e+18
6.37205e+18
5.24656e+18
3.34069e+18
1.73298e+18
2.65164e+18
2.95888e+18
2.73472e+18
4.21805e+18
6.24483e+18
7.18722e+18
6.16197e+18
6.6844e+18
7.29812e+18
4.13706e+18
2.48978e+18
2.35774e+18
1.96536e+18
2.63158e+18
3.17962e+18
3.68804e+18
5.04765e+18
4.96917e+18
3.08273e+18
2.78943e+18
5.56401e+18
7.08935e+18
6.05229e+18
4.15086e+18
2.12732e+18
1.87586e+18
3.0028e+18
1.33271e+18
5.05614e+18
9.26838e+18
1.20285e+19
1.18865e+19
5.79695e+18
1.74996e+18
1.73972e+18
7.86033e+18
6.36253e+18
4.98259e+18
3.02521e+18
7.15592e+17
7.5153e+16
1.03241e+18
2.07949e+18
1.28458e+18
2.54651e+17
4.61222e+17
1.63785e+18
3.71514e+18
5.82224e+18
1.64154e+19
5.44498e+19
7.74896e+19
7.25376e+19
5.4961e+19
1.65916e+19
2.7938e+18
1.23676e+18
8.55005e+17
1.19084e+18
2.84942e+18
4.22493e+18
