# Plot index: 1
# FFT size: 66
# Segment size: 4
8.54589e+18
4.84667e+18
4.32747e+19
2.61403e+20
4.29473e+20
4.5773e+20
3.94651e+20
1.28062e+20
9.98634e+18
1.99461e+18
2.53334e+18
2.52237e+18
1.67081e+18
5.64071e+17
1.33199e+18
2.31232e+18
1.78943e+18
1.14431e+18
4.99244e+17
1.43008e+17
6.03414e+17
2.51937e+18
4.3348e+18
5.72484e+18
4.48264e+18
2.61259e+18
2.45118e+18
2.50442e+18
2.93799e+18
2.91407e+18
1.83047e+18
1.58232e+19
5.23185e+19
6.51472e+19
7.43403e+19
6.17202e+19
1.93062e+19
6.86032e+18
6.8527e+18
5.58857e+18
4.94698e+18
2.68358e+18
2.18326e+17
3.038e+17
9.58725e+17
1.36378e+18
1.02151e+18
5.49841e+17
5.40893e+17
2.3776e+18
4.4945e+18
5.85668e+18
4.71115e+18
1.46596e+18
1.88794e+19
7.82686e+19
1.03056e+20
1.05041e+20
6.5761e+19
1.29309e+19
9.78758e+17
7.75571e+17
1.25356e+18
6.42572e+17
2.45105e+18
1.05256e+18
