# Plot index: 0
# FFT size: 66
# Segment size: 4
3.34498e+17
4.93545e+17
8.55387e+17
1.7071e+18
3.41692e+18
4.56985e+18
5.58688e+18
8.3443e+18
1.01402e+19
8.33052e+18
5.01971e+18
2.20954e+18
4.7965e+17
7.19693e+16
1.65954e+16
1.46907e+17
5.04372e+17
4.48594e+17
2.4436e+17
6.08159e+17
9.54041e+17
7.46397e+17
6.90797e+17
9.67717e+17
1.72875e+18
2.42776e+18
2.27017e+18
1.37201e+18
3.41773e+17
2.02958e+17
5.45022e+17
3.50069e+17
1.42104e+17
1.01122e+17
4.53976e+16
1.16861e+18
3.90739e+18
8.469e+18
1.25246e+19
1.16161e+19
7.31592e+18
4.08209e+18
2.20491e+18
9.45263e+17
6.0947e+17
5.53569e+17
7.19572e+17
1.15499e+18
1.37628e+18
1.6356e+18
2.40625e+18
4.1915e+18
4.76739e+18
2.73337e+18
2.52749e+17
1.29397e+18
3.57177e+18
4.58008e+18
4.22125e+18
2.67409e+18
1.43319e+18
1.31833e+18
1.57882e+18
2.05142e+18
2.66355e+18
2.9684e+18
