# Plot index: 3
# FFT size: 66
# Segment size: 4
2.38944e+17
5.51269e+17
4.31714e+17
1.79049e+17
2.26409e+17
6.75629e+16
2.85068e+17
9.15827e+17
8.79776e+17
6.13186e+17
2.86423e+17
1.65679e+17
2.7361e+17
3.02797e+17
3.37209e+17
2.19547e+17
2.3061e+17
5.86756e+17
1.60246e+18
1.8648e+18
5.97359e+17
1.40451e+18
2.15722e+18
2.48238e+18
2.25178e+18
5.80767e+17
8.89108e+16
3.55782e+17
1.16695e+18
1.25415e+18
1.0593e+18
5.72866e+17
2.15879e+17
5.84472e+17
9.33352e+17
2.93181e+18
4.55447e+18
4.0719e+18
2.56867e+18
6.09866e+17
1.33707e+18
2.08844e+18
2.2156e+18
2.2576e+18
1.76085e+18
1.17253e+18
5.21954e+17
4.92659e+17
4.22891e+17
7.54699e+16
4.25583e+16
2.66163e+17
7.34008e+17
6.28045e+17
7.91936e+18
3.73999e+19
5.35309e+19
5.64382e+19
3.88276e+19
8.21243e+18
7.87421e+17
9.2124e+17
9.63148e+17
7.94944e+17
1.34649e+18
9.46303e+17
