# Plot index: 1
# FFT size: 66
# Segment size: 4
8.2917e+17
7.76965e+17
1.00016e+18
2.56924e+19
2.00843e+20
3.78825e+20
3.88421e+20
3.52687e+20
1.3228e+20
7.28425e+18
2.25223e+18
2.14876e+18
1.59508e+18
1.40115e+18
7.48637e+17
9.36571e+17
2.58039e+18
3.31357e+18
3.30788e+18
3.30096e+18
1.65535e+18
5.34338e+17
2.57906e+17
1.5655e+17
1.2286e+18
6.68053e+18
1.14864e+19
1.27793e+19
1.25328e+19
8.84013e+18
5.17209e+18
2.69833e+18
1.49915e+18
6.47491e+18
3.78406e+19
6.41664e+19
6.77748e+19
6.00816e+19
1.70882e+19
7.93108e+17
2.81185e+18
3.36237e+18
3.0262e+18
1.99161e+18
1.186e+18
1.381e+18
2.08952e+18
2.54261e+18
3.07196e+18
2.41992e+18
9.65607e+17
3.50206e+17
2.40201e+17
1.34692e+18
2.27576e+19
9.39434e+19
1.30672e+20
1.30364e+20
9.75111e+19
3.00806e+19
5.66342e+18
2.71222e+18
2.16218e+18
2.016e+18
2.82053e+18
9.79771e+17
