# Plot index: 3
# FFT size: 66
# Segment size: 4
5.86603e+18
6.87332e+18
5.07484e+18
2.93375e+18
2.13504e+18
1.71424e+18
1.84351e+18
2.1444e+18
2.05426e+18
2.22499e+18
3.0281e+18
4.12731e+18
3.07066e+18
1.69467e+18
1.8636e+18
1.52666e+18
1.22627e+18
1.80944e+18
1.76423e+18
8.74922e+17
4.78137e+17
2.42582e+17
2.26278e+17
8.52787e+17
1.48485e+18
1.76768e+18
1.39346e+18
9.41476e+17
6.49721e+17
5.90702e+17
5.01482e+17
1.90536e+17
5.74463e+17
1.05329e+18
9.79796e+17
5.8317e+17
1.91511e+18
3.8153e+18
3.57615e+18
4.33685e+18
3.681e+18
2.02716e+18
2.35778e+18
3.19394e+18
2.82859e+18
2.80665e+18
4.4512e+18
6.83173e+18
8.67959e+18
9.42716e+18
7.04924e+18
3.67926e+18
1.55558e+18
1.22393e+18
1.4482e+19
5.82267e+19
8.37409e+19
9.41156e+19
7.55655e+19
2.23588e+19
2.64354e+18
2.72917e+17
5.34298e+16
3.7957e+17
7.02551e+17
6.96968e+17
