# Plot index: 2
# FFT size: 66
# Segment size: 4
2.03208e+18
2.37779e+18
6.83733e+18
1.55326e+19
1.87474e+19
1.73384e+19
1.16108e+19
4.17158e+18
1.71599e+18
1.20246e+19
2.09781e+20
7.12362e+20
8.871e+20
8.78719e+20
5.74233e+20
1.18542e+20
9.2407e+18
8.82377e+17
1.0205e+19
5.44995e+19
7.44538e+19
7.93724e+19
4.54768e+19
4.36825e+18
3.81426e+18
4.69646e+18
3.50583e+18
3.92258e+18
4.1749e+18
4.4963e+18
3.26694e+18
7.05193e+18
1.08079e+19
8.22466e+18
4.51635e+18
1.09879e+18
4.28183e+16
7.3079e+16
4.22116e+18
2.26942e+19
3.60815e+19
3.52469e+19
2.85476e+19
1.07427e+19
2.76156e+18
2.28391e+18
2.00817e+19
1.01287e+20
1.57318e+20
1.6236e+20
1.42077e+20
5.25334e+19
7.62422e+18
1.70717e+18
1.05642e+18
1.91245e+19
3.61432e+19
4.13445e+19
3.18284e+19
6.68706e+18
2.86017e+18
4.52393e+18
4.50991e+18
3.39296e+18
1.65521e+18
1.57165e+18
