# Plot index: 2
# FFT size: 66
# Segment size: 4
3.79539e+17
1.08495e+18
2.50492e+18
2.88614e+18
2.50046e+18
2.30395e+18
1.8117e+18
1.44734e+18
6.33685e+20
7.96236e+20
7.91922e+20
5.01661e+20
8.41206e+19
9.00153e+17
3.56964e+18
6.33136e+18
6.47171e+18
4.53418e+18
1.53724e+18
3.02136e+17
5.38677e+18
5.60662e+19
1.07747e+20
1.10328e+20
1.00833e+20
3.82584e+19
5.53549e+18
1.26334e+19
3.56461e+19
4.53669e+19
4.76519e+19
2.5351e+19
3.4385e+18
6.47013e+17
2.94054e+18
4.91321e+18
5.31716e+18
4.35976e+18
2.3585e+18
1.64134e+18
1.6051e+19
8.60248e+19
1.44884e+20
1.5352e+20
1.24153e+20
3.81681e+19
1.06852e+18
5.20273e+18
1.4551e+19
1.58363e+19
1.32682e+19
5.21652e+18
1.62051e+17
2.70058e+18
1.98488e+19
4.66214e+19
4.91857e+19
4.28631e+19
2.17248e+19
3.77219e+18
2.25241e+18
6.41433e+18
1.02351e+19
1.20559e+19
7.29779e+18
1.01939e+18
