# Plot index: 1
# FFT size: 66
# Segment size: 4
2.42207e+19
2.6048e+20
5.20507e+20
5.33572e+20
4.73554e+20
1.73448e+20
7.25222e+18
2.21353e+18
2.20413e+18
7.57598e+17
3.32913e+17
7.62585e+17
8.17089e+17
2.13955e+17
2.93848e+17
5.27405e+17
3.68668e+17
1.31752e+16
2.63831e+17
2.20053e+17
1.50075e+16
2.3843e+17
1.42078e+18
2.39029e+18
4.69552e+17
6.36332e+17
1.13583e+18
1.71394e+18
1.16873e+18
4.89759e+17
4.04982e+17
2.62575e+17
7.08651e+18
2.25891e+18
3.5393e+18
2.02542e+18
4.01352e+17
2.65117e+17
9.19348e+17
8.50774e+17
2.69642e+17
4.44942e+17
7.91598e+17
7.45934e+17
1.52909e+17
1.55225e+16
5.25241e+16
2.6876e+17
7.46069e+17
1.37616e+18
1.33349e+18
6.60901e+17
3.49818e+17
8.39853e+17
1.26427e+19
6.20891e+19
1.00531e+20
1.06914e+20
9.20464e+19
3.26783e+19
5.22841e+18
2.37302e+18
1.3461e+18
6.10446e+17
6.48372e+17
4.43922e+17
