# Plot index: 3
# FFT size: 66
# Segment size: 4
2.42207e+19
2.6048e+20
5.20507e+20
5.33572e+20
4.73554e+20
1.73448e+20
7.25222e+18
2.21353e+18
2.22646e+17
2.09062e+17
1.13979e+17
2.5857e+17
1.1212e+18
1.43398e+18
8.6542e+17
6.95566e+17
4.97637e+17
4.96822e+17
5.55488e+17
8.28766e+17
4.9113e+17
2.08801e+16
2.68163e+17
4.69536e+17
4.08282e+17
3.42249e+16
2.09852e+17
7.11589e+17
1.05065e+18
9.4894e+17
9.87256e+17
1.16577e+18
1.30079e+18
1.69353e+18
1.63413e+18
8.45467e+17
1.12772e+18
1.9809e+18
2.85792e+18
2.6376e+18
1.31904e+18
9.26837e+17
1.13028e+18
7.59553e+17
3.67417e+17
1.60844e+17
9.189e+15
2.67666e+17
6.44461e+17
7.12515e+17
2.38866e+17
3.16755e+17
1.05486e+18
3.29746e+18
8.87041e+18
3.40798e+19
6.1668e+19
5.82646e+19
5.12933e+19
2.10694e+19
7.15836e+17
3.61852e+17
5.06085e+17
2.76964e+17
6.89097e+18
3.7743e+18
