# Plot index: 1
# FFT size: 66
# Segment size: 4
3.56768e+18
1.03286e+18
3.78569e+18
6.76969e+19
3.20696e+20
4.77961e+20
4.89736e+20
3.82209e+20
1.05922e+20
7.07752e+18
9.41628e+17
8.2393e+17
7.50397e+17
5.30888e+17
4.88593e+17
1.8087e+17
2.74842e+16
1.70427e+17
5.15754e+17
1.93959e+18
3.22406e+18
3.54181e+18
2.88542e+18
1.4515e+18
1.90047e+17
6.02397e+17
9.67328e+17
3.54111e+17
2.41742e+17
5.4466e+17
8.10562e+17
1.43325e+18
6.34332e+18
3.67239e+19
8.63273e+19
9.67889e+19
9.42528e+19
5.54104e+19
1.10197e+19
1.13943e+18
6.85049e+17
1.72019e+18
2.2877e+18
1.1557e+18
3.82081e+17
1.4494e+18
3.30337e+18
3.40216e+18
3.07198e+18
2.39179e+18
6.82285e+17
7.18815e+17
3.886e+17
5.66253e+17
2.3645e+19
7.80416e+19
8.82264e+19
7.90216e+19
4.24382e+19
4.38133e+18
3.62714e+17
1.22888e+18
1.11895e+18
1.02447e+18
3.21098e+17
8.40307e+16
