# Plot index: 2
# FFT size: 66
# Segment size: 4
1.5988e+19
1.6474e+20
3.93129e+20
4.36499e+20
4.07369e+20
1.92987e+20
1.70021e+19
7.46467e+17
1.47041e+18
1.42983e+18
1.29552e+18
1.57338e+18
1.74166e+18
1.52234e+18
2.2466e+18
3.12081e+18
7.17969e+19
2.18999e+17
3.96798e+19
1.09401e+20
1.33394e+20
1.20992e+20
4.33563e+19
3.24852e+18
8.28459e+17
4.19496e+18
8.1119e+18
1.07309e+19
1.09161e+19
5.33827e+18
2.50646e+18
3.17046e+18
3.53361e+18
3.53175e+18
6.82966e+18
1.13361e+19
9.40169e+18
6.28771e+18
3.86178e+18
9.0959e+17
6.02851e+17
8.32996e+18
2.79015e+19
3.25195e+19
3.17947e+19
2.08463e+19
3.92289e+18
2.95499e+18
3.41031e+19
8.85093e+19
9.83577e+19
1.0392e+20
6.51165e+19
1.36683e+19
1.62164e+17
8.31959e+18
2.61678e+19
3.48326e+19
3.66712e+19
1.6568e+19
3.50043e+18
2.31814e+18
3.60115e+18
5.11477e+18
9.6738e+18
1.38092e+19
