# Plot index: 2
# FFT size: 66
# Segment size: 4
1.31711e+18
1.42626e+18
1.04882e+18
2.89527e+18
5.56327e+19
2.8479e+20
4.08099e+20
4.06932e+20
4.33344e+20
6.90433e+20
7.23501e+20
6.09695e+20
1.90312e+20
2.32018e+19
1.3465e+19
1.35993e+19
8.82174e+18
3.19402e+18
1.99906e+18
9.33485e+18
5.13011e+19
1.35789e+20
1.69585e+20
1.68418e+20
1.12285e+20
2.63693e+19
1.77995e+18
3.52784e+17
5.86081e+18
2.30735e+19
3.09691e+19
3.30888e+19
9.04775e+16
7.85849e+16
1.44881e+17
1.5531e+17
1.37274e+17
1.78295e+17
7.39988e+16
1.07055e+17
8.3951e+17
1.69018e+19
7.69447e+19
9.10804e+19
9.20044e+19
5.82372e+19
8.19991e+18
6.58582e+17
1.42855e+18
2.1224e+18
2.47157e+18
1.78199e+18
2.17869e+18
6.75002e+18
2.31397e+19
4.48425e+19
5.67141e+19
5.91425e+19
3.22907e+19
7.74137e+18
2.48841e+18
1.69234e+18
3.96011e+18
8.19209e+18
7.61846e+18
7.57614e+18
