# Plot index: 2
# FFT size: 66
# Segment size: 4
9.67866e+18
1.11353e+19
9.16672e+18
3.40096e+18
2.0846e+18
2.2194e+18
1.96627e+18
6.66043e+17
2.31702e+19
3.40006e+20
8.03992e+20
8.77473e+20
8.321e+20
3.84938e+20
3.93099e+19
7.98515e+17
8.71712e+16
3.09071e+17
1.12693e+17
9.6624e+18
5.82925e+19
9.09545e+19
9.34726e+19
7.30881e+19
2.1757e+19
3.45463e+18
3.02736e+18
1.8531e+18
1.61506e+18
1.09227e+18
1.60437e+17
1.58415e+17
7.74265e+17
8.20333e+18
3.26171e+19
4.32998e+19
4.37658e+19
3.20084e+19
7.9792e+18
1.45065e+18
1.32722e+18
1.34145e+18
9.11109e+17
2.28263e+18
4.88745e+19
1.2531e+20
1.42171e+20
1.42911e+20
7.62121e+19
1.59283e+19
4.54067e+18
1.93779e+18
1.46945e+18
1.85955e+18
4.26953e+18
1.71565e+19
2.4985e+19
2.3755e+19
1.70019e+19
4.8183e+18
2.97583e+18
2.78715e+18
6.22676e+17
1.28207e+17
2.13005e+17
3.04582e+16
