# Plot index: 2
# FFT size: 66
# Segment size: 4
1.13966e+19
3.02373e+18
5.5879e+19
2.98577e+20
3.92776e+20
3.93242e+20
2.64404e+20
3.90605e+19
2.48167e+18
8.64723e+19
5.35815e+20
8.85432e+20
8.95951e+20
7.40961e+20
2.36633e+20
1.34511e+19
6.30195e+17
2.08886e+18
1.24468e+19
6.07085e+19
1.05659e+20
1.02701e+20
9.35798e+19
4.09075e+19
4.11702e+18
1.53941e+17
1.89597e+18
7.23483e+18
1.42502e+19
1.97725e+19
2.00416e+19
1.32797e+19
4.5967e+18
7.52196e+17
5.54409e+16
9.15109e+17
1.12233e+19
3.16384e+19
3.55124e+19
3.38149e+19
2.07151e+19
3.33483e+18
1.09792e+16
7.74277e+16
6.59073e+17
2.18137e+19
1.0038e+20
1.34701e+20
1.25374e+20
7.58018e+19
7.87115e+18
1.60767e+18
3.02897e+18
2.2251e+18
4.05346e+18
1.85778e+19
2.91855e+19
3.03569e+19
2.4616e+19
7.55537e+18
3.39195e+17
2.00618e+17
1.63359e+18
6.64954e+18
1.15595e+19
1.31857e+19
