# Plot index: 3
# FFT size: 66
# Segment size: 4
5.29189e+17
4.04013e+17
2.67436e+17
1.29017e+18
2.96988e+18
4.05733e+18
3.63144e+18
1.55094e+18
4.69091e+17
9.75891e+16
1.05743e+17
4.00356e+17
9.10395e+17
1.81834e+18
3.13703e+18
4.3602e+18
5.23983e+18
4.51683e+18
2.9091e+18
2.46539e+18
1.78953e+18
7.77506e+17
2.73582e+17
3.21244e+17
1.14166e+18
1.30872e+18
5.29787e+17
1.99303e+16
4.64215e+16
3.43599e+17
6.62196e+17
1.35702e+18
3.4385e+18
6.47013e+17
2.94054e+18
4.91321e+18
5.31716e+18
4.35976e+18
2.3585e+18
1.64134e+18
5.87416e+18
4.66102e+18
2.97464e+18
2.91243e+18
2.04031e+18
8.50096e+17
4.17192e+16
3.60039e+17
1.1334e+18
1.66519e+18
1.3004e+18
8.67881e+17
1.00419e+18
7.17878e+18
4.47006e+19
7.34923e+19
7.15029e+19
5.25456e+19
8.36419e+18
1.17967e+18
3.94875e+18
3.67566e+18
2.30393e+18
1.27934e+18
1.13598e+18
6.87864e+17
