# Plot index: 0
# FFT size: 66
# Segment size: 4
4.07433e+17
3.91628e+17
2.30717e+17
3.03084e+17
2.77977e+17
3.04288e+17
3.97918e+17
1.79003e+17
9.77168e+16
5.48137e+17
6.52011e+17
1.78897e+17
9.54985e+16
2.15376e+17
2.88136e+17
4.35455e+17
4.41745e+17
1.80269e+17
2.22237e+17
3.34148e+17
3.74366e+17
2.31671e+17
2.50973e+17
3.00422e+17
4.45035e+17
3.85627e+17
1.45351e+17
1.06244e+17
3.92601e+17
5.03483e+17
3.24776e+17
2.71459e+17
1.36838e+17
1.23657e+17
4.53538e+17
6.18654e+17
1.77984e+17
1.94406e+17
4.4806e+17
3.19492e+17
1.7101e+17
2.55064e+17
2.37544e+17
3.88937e+17
5.70485e+17
2.21675e+17
5.86623e+16
2.43848e+17
5.33643e+17
3.56837e+17
2.94464e+17
2.6625e+17
1.78699e+17
2.26e+17
5.62778e+17
3.22949e+17
1.93459e+17
3.14302e+17
3.57782e+17
2.7413e+17
2.39647e+17
1.21773e+17
3.06092e+17
7.5946e+17
3.62554e+17
4.10349e+16
