# Plot index: 1
# FFT size: 66
# Segment size: 4
1.44166e+18
1.61145e+18
3.51172e+18
5.04864e+18
6.82571e+18
7.94623e+18
2.59049e+19
2.89679e+20
3.88357e+20
1.23291e+20
8.19753e+18
3.49185e+17
1.14799e+16
3.5271e+16
5.07186e+17
1.43829e+18
1.40397e+18
6.54127e+17
1.57325e+17
2.15963e+18
3.2998e+18
2.60945e+18
1.60199e+18
2.36371e+17
4.48567e+17
1.89171e+18
3.23336e+18
2.37496e+18
5.90741e+17
2.30407e+17
2.14585e+17
5.63996e+17
1.73682e+16
2.37404e+17
4.34237e+17
3.05585e+17
5.31231e+14
1.81423e+17
4.50267e+17
5.48862e+17
1.94569e+19
2.60894e+18
5.45252e+17
6.58345e+15
8.0043e+16
4.34628e+17
9.10917e+17
1.03009e+18
1.03091e+18
1.90565e+17
9.62163e+16
5.75201e+17
1.05795e+18
1.71741e+17
1.7372e+19
6.8842e+19
8.63778e+19
8.59827e+19
5.45166e+19
1.19013e+19
3.42143e+18
1.21829e+18
3.98112e+17
1.24969e+17
6.15847e+16
1.57918e+17
