# Plot index: 2
# FFT size: 66
# Segment size: 4
2.80634e+18
3.21741e+18
5.71695e+18
8.64293e+18
1.02757e+19
1.11368e+19
8.07158e+18
3.76798e+18
3.49438e+18
3.06491e+19
3.02949e+20
8.17003e+20
9.17838e+20
8.4873e+20
4.74634e+20
6.45894e+19
3.35632e+17
3.02308e+17
1.95646e+19
8.31027e+19
1.04635e+20
9.99786e+19
6.32163e+19
9.05286e+18
4.43628e+17
8.90889e+17
1.22095e+18
1.86801e+18
2.7757e+18
3.5553e+18
4.18168e+18
4.41284e+18
5.2461e+18
4.2757e+18
1.23461e+18
6.26249e+17
1.79878e+18
3.43949e+18
1.5421e+19
3.58912e+19
3.93577e+19
3.95697e+19
2.7e+19
6.98736e+18
3.10516e+18
4.61728e+18
3.1313e+19
1.06334e+20
1.29775e+20
1.20309e+20
8.19908e+19
1.52968e+19
3.14111e+17
6.29972e+17
2.70913e+18
1.63215e+19
2.29431e+19
2.00492e+19
1.54522e+19
4.18803e+18
2.12776e+18
2.08432e+18
6.39362e+17
1.4574e+17
4.75806e+17
7.40204e+17
