# Plot index: 3
# FFT size: 66
# Segment size: 4
2.45524e+18
1.57795e+18
1.86146e+17
6.87665e+17
1.00502e+18
8.77688e+17
9.95518e+17
9.50771e+17
1.11423e+18
1.39115e+18
8.31553e+17
1.13778e+18
4.56707e+18
8.64429e+18
9.40477e+18
7.92677e+18
4.36173e+18
1.40632e+18
7.93404e+17
8.35639e+17
1.10017e+18
1.37071e+18
1.13756e+18
1.27122e+18
1.14646e+18
8.31178e+17
2.15472e+17
1.48208e+17
1.27077e+18
2.61994e+18
2.78901e+18
2.01198e+18
1.11015e+18
1.08491e+18
1.0534e+18
1.94854e+18
7.02651e+18
1.28962e+19
1.51918e+19
1.6189e+19
1.16622e+19
5.34114e+18
3.88678e+18
3.71547e+18
1.73103e+18
8.63474e+17
3.66134e+17
1.87716e+17
2.29701e+17
1.9251e+17
6.66514e+17
1.94927e+18
3.6356e+18
4.12889e+18
3.70576e+18
2.81991e+19
5.57683e+19
5.86046e+19
4.36477e+19
8.44835e+18
8.99111e+17
2.06889e+18
1.52148e+18
3.20003e+17
9.07966e+16
7.88172e+17
