# Plot index: 0
# FFT size: 66
# Segment size: 4
2.305e+18
2.37447e+18
1.89579e+18
1.31196e+18
8.00614e+17
2.43884e+17
1.49316e+16
3.70808e+17
1.06587e+18
1.22045e+18
7.53495e+17
7.47256e+17
1.41389e+18
1.97737e+18
1.56309e+18
7.92249e+17
5.65485e+17
5.79529e+17
4.0388e+17
1.74741e+17
3.63302e+16
6.33196e+15
1.89417e+15
2.52502e+16
7.26712e+16
3.48859e+16
1.02533e+16
8.12583e+16
3.08012e+17
8.70637e+17
9.80556e+17
4.79212e+17
1.48397e+17
4.59126e+17
1.29136e+18
1.55529e+18
1.02085e+18
4.03488e+17
1.07482e+17
5.15226e+17
1.07875e+18
1.70518e+18
2.36996e+18
2.58473e+18
2.60867e+18
1.83255e+18
4.5098e+17
9.16421e+16
4.60008e+17
7.75179e+17
8.74704e+17
9.94796e+17
1.2158e+18
1.40499e+18
1.40204e+18
2.6666e+18
3.79135e+18
3.73662e+18
2.36315e+18
4.9068e+17
3.13205e+16
7.12712e+16
1.34307e+17
1.79189e+17
3.68726e+17
3.18884e+18
