# Plot index: 0
# FFT size: 66
# Segment size: 4
2.14188e+18
2.1847e+18
3.21854e+18
3.93229e+18
4.21647e+18
3.64285e+18
2.05911e+18
1.28692e+18
7.77095e+17
3.2929e+17
2.91285e+16
1.06908e+17
2.5635e+17
5.38631e+17
1.17483e+18
1.49377e+18
1.71069e+18
1.59815e+18
1.61873e+18
1.93218e+18
1.87767e+18
1.25927e+18
4.95693e+17
3.46143e+17
9.6673e+17
1.86729e+18
2.44429e+18
2.6301e+18
2.66661e+18
2.85906e+18
2.8225e+18
2.49973e+18
1.90649e+18
9.13796e+17
5.45094e+17
3.31213e+17
3.60816e+16
6.3989e+16
2.72934e+17
6.21715e+17
1.51954e+18
3.24441e+18
3.54892e+18
2.92246e+18
1.94908e+18
1.28289e+18
1.52765e+18
2.22117e+18
2.36443e+18
1.70851e+18
7.87452e+17
1.03388e+18
1.35643e+18
1.30903e+18
1.36383e+18
1.25294e+18
1.13481e+18
1.32719e+18
1.5252e+18
1.46637e+18
6.78752e+17
1.07218e+17
3.49392e+16
4.23685e+17
9.70356e+16
7.83615e+17
