# Plot index: 3
# FFT size: 66
# Segment size: 4
1.39525e+18
8.98323e+17
3.90716e+18
8.89901e+18
9.45934e+18
6.12396e+18
1.86622e+18
4.52957e+17
5.8045e+17
7.76073e+17
1.55447e+18
2.50425e+18
3.06501e+18
1.76047e+18
4.09306e+17
1.37295e+18
3.36544e+18
4.30392e+18
3.58218e+18
1.20463e+18
1.08896e+18
2.25329e+18
2.78469e+18
2.79678e+18
1.96137e+18
1.46351e+18
1.93813e+18
2.11915e+18
1.59472e+18
7.72888e+17
2.24897e+16
7.22098e+17
2.37658e+18
2.94214e+18
2.62774e+18
1.22745e+18
4.89216e+17
2.41618e+18
4.22458e+18
4.42747e+18
2.8862e+18
2.47104e+18
1.69e+18
5.44749e+17
8.48375e+16
7.7314e+17
3.00471e+18
4.2128e+18
2.47761e+18
2.37946e+17
7.73775e+17
4.70914e+18
8.805e+18
7.38039e+18
2.25354e+19
7.00646e+19
9.38625e+19
1.02404e+20
6.17304e+19
1.24099e+19
1.47187e+18
4.71348e+17
6.82772e+17
3.91323e+17
9.70356e+16
7.83615e+17
