# Plot index: 3
# FFT size: 66
# Segment size: 4
6.65125e+17
1.60065e+17
1.86533e+17
4.06187e+17
2.82089e+17
3.1726e+17
1.76818e+17
1.01046e+18
2.13645e+18
8.20354e+17
1.5667e+17
2.17565e+18
6.5681e+18
9.16957e+18
7.75197e+18
7.70346e+18
7.95955e+18
7.41645e+18
5.73445e+18
3.4953e+18
2.27508e+18
1.88458e+18
1.9013e+18
1.80197e+18
1.86471e+18
9.06092e+17
1.9966e+17
7.29644e+17
1.30056e+18
1.32637e+18
1.25623e+18
1.09598e+18
8.32425e+17
1.28713e+18
1.72142e+18
2.36855e+18
5.73473e+18
1.33135e+19
1.55022e+19
8.9047e+18
2.70689e+18
7.77589e+16
2.58939e+18
3.06333e+18
1.06592e+18
1.79494e+17
2.84913e+17
3.87542e+17
7.72051e+17
1.27052e+18
1.75403e+18
2.2394e+18
2.52787e+18
4.88979e+18
2.14682e+19
7.07149e+19
9.72574e+19
8.22705e+19
5.27496e+19
1.28351e+19
1.39429e+18
4.16529e+17
1.22587e+18
3.49794e+18
3.6765e+18
2.1657e+18
