# Plot index: 1
# FFT size: 66
# Segment size: 4
1.62994e+18
3.01466e+18
3.95437e+18
3.84471e+19
2.61615e+20
4.66852e+20
4.59903e+20
3.87995e+20
1.32725e+20
6.54029e+18
1.84894e+17
1.98649e+16
2.67189e+16
1.91523e+17
4.70191e+17
1.88536e+17
9.21961e+17
3.23914e+18
4.3937e+18
2.21768e+18
1.5468e+17
6.79915e+17
2.17948e+18
1.52157e+18
1.408e+18
3.4441e+18
4.30035e+18
2.7059e+18
1.64588e+18
9.05182e+17
5.71342e+17
1.49288e+18
4.45228e+18
2.08701e+19
7.34931e+19
9.87715e+19
8.62838e+19
6.5637e+19
1.923e+19
1.65019e+18
1.30113e+18
2.04017e+18
1.6623e+18
2.28723e+18
3.6277e+18
2.17172e+18
1.84001e+18
3.44971e+18
6.05205e+18
4.9679e+18
1.4692e+18
1.64111e+18
3.78453e+18
3.61557e+18
2.28237e+19
8.01899e+19
1.02388e+20
9.39971e+19
5.62518e+19
1.00285e+19
8.18485e+17
7.48731e+17
1.46972e+18
1.64637e+18
1.00255e+18
4.37242e+17
