# Plot index: 1
# FFT size: 66
# Segment size: 4
3.81336e+17
6.4762e+17
7.03029e+17
3.84102e+17
2.60514e+19
2.31291e+20
4.48777e+20
4.84759e+20
4.21003e+20
1.48189e+20
1.06362e+19
9.67719e+17
3.84275e+18
6.3772e+18
6.62992e+18
5.26241e+18
3.45312e+18
1.8715e+18
1.2004e+18
1.14081e+18
7.63052e+17
4.50464e+17
7.49928e+17
3.34843e+18
5.28168e+18
4.04105e+18
4.16043e+18
4.23901e+18
2.25777e+18
1.53865e+17
3.40804e+17
1.06773e+18
1.77934e+18
2.06818e+18
1.02842e+18
9.49218e+18
6.45845e+19
1.09285e+20
1.16777e+20
9.0571e+19
2.40185e+19
7.93701e+17
1.46219e+18
4.17831e+18
5.22429e+18
3.91532e+18
1.54712e+18
6.27798e+17
7.12077e+17
7.15066e+17
1.27594e+18
3.27156e+18
3.8366e+18
8.19117e+18
4.36108e+19
8.80904e+19
8.13906e+19
7.02106e+19
3.6081e+19
4.24521e+18
5.18546e+17
3.23486e+18
3.92042e+18
2.94828e+18
1.25968e+18
3.66069e+16
