# Plot index: 0
# FFT size: 66
# Segment size: 4
9.52953e+17
1.01347e+18
8.85318e+17
1.07925e+18
1.11661e+18
9.51786e+17
7.34453e+17
9.54163e+17
1.71778e+18
2.0416e+18
2.08474e+18
1.89127e+18
1.6273e+18
1.43057e+18
5.95e+17
1.77111e+17
1.95479e+16
1.2276e+16
1.524e+17
4.15421e+17
3.3614e+17
2.75708e+17
1.50121e+17
6.32759e+16
2.69839e+16
3.76641e+16
1.05593e+17
2.72865e+17
2.61484e+17
3.75743e+16
6.73246e+14
3.34935e+16
2.13888e+17
8.3838e+17
1.50189e+18
1.56171e+18
2.04991e+18
2.27518e+18
2.13055e+18
1.52304e+18
9.41176e+17
8.53543e+17
8.98367e+17
9.28576e+17
9.4901e+17
8.33632e+17
1.03581e+18
7.56203e+17
2.39962e+17
9.73933e+16
5.84842e+14
3.41187e+16
3.69824e+17
5.7133e+17
5.67081e+17
5.79853e+17
3.49365e+17
1.34248e+17
4.61127e+16
4.53669e+16
7.48747e+16
2.17091e+17
3.82275e+17
2.10628e+17
1.9035e+17
2.89843e+17
