# Plot index: 3
# FFT size: 66
# Segment size: 4
1.44166e+18
1.61145e+18
3.51172e+18
5.04864e+18
6.82571e+18
7.94623e+18
2.59049e+19
2.89679e+20
3.02516e+18
1.55224e+18
2.07291e+18
1.2164e+18
8.40437e+16
2.09472e+15
1.82744e+17
9.18101e+17
1.59818e+18
2.07879e+18
1.26014e+18
1.37001e+17
1.61919e+16
7.46756e+17
2.52651e+18
2.26767e+18
1.40786e+18
5.61442e+17
3.35713e+17
9.12582e+17
7.27868e+17
5.83837e+17
1.05163e+18
2.4219e+18
2.53855e+18
1.84073e+18
5.39585e+17
4.1651e+16
4.89558e+17
2.10204e+17
1.3509e+18
2.71629e+18
3.69489e+18
3.82498e+18
2.3842e+18
2.39567e+18
2.57184e+18
1.8226e+18
1.40359e+18
1.43047e+18
2.00715e+18
2.52164e+18
1.63073e+18
1.05025e+18
4.26117e+17
1.58161e+18
2.61094e+19
7.95361e+19
9.5719e+19
9.18602e+19
5.61736e+19
1.092e+19
4.19117e+17
5.79118e+16
6.21622e+17
1.38976e+18
1.03384e+18
1.51484e+17
