# Plot index: 0
# FFT size: 66
# Segment size: 4
1.43261e+18
2.20052e+18
2.42703e+18
2.40218e+18
1.57693e+18
1.12878e+18
4.09926e+17
3.23725e+17
7.95298e+17
6.72796e+17
5.15829e+17
5.36553e+17
4.58446e+17
3.72303e+17
2.72899e+17
4.52755e+17
8.12216e+17
6.58265e+17
2.3459e+17
1.84436e+17
9.56517e+17
2.55144e+18
3.41935e+18
2.23766e+18
9.68658e+17
2.99544e+17
3.02956e+17
4.74259e+17
3.04307e+17
8.47105e+16
1.58691e+17
3.87282e+17
1.83749e+18
9.5133e+17
2.19623e+17
4.04753e+17
1.18481e+18
1.29822e+18
1.08979e+18
7.39102e+17
3.47186e+17
3.83385e+17
5.02812e+17
1.00763e+18
1.57071e+18
1.87139e+18
1.93852e+18
1.31159e+18
7.51987e+17
5.52854e+17
1.7576e+17
2.38495e+16
1.49053e+17
5.7165e+17
7.82959e+17
4.90656e+17
2.72977e+17
4.01192e+17
5.66006e+17
3.6272e+17
3.51613e+17
8.34148e+17
1.03202e+18
8.85622e+17
3.03998e+17
8.19846e+16
