# Plot index: 2
# FFT size: 66
# Segment size: 4
3.07799e+18
5.74411e+18
3.34971e+18
2.15019e+16
3.04323e+18
6.66512e+18
8.58067e+18
5.30083e+18
9.27095e+17
4.97296e+17
7.0525e+19
4.83569e+20
7.89882e+20
8.46607e+20
7.27472e+20
2.37807e+20
2.51511e+19
5.46123e+18
3.66865e+19
9.11368e+19
1.02121e+20
9.21696e+19
3.43385e+19
4.94687e+17
2.17301e+18
2.44351e+18
3.48635e+18
3.41931e+18
2.91404e+18
1.72177e+18
1.64554e+17
1.90957e+17
2.42071e+18
7.50688e+18
6.9849e+18
4.47944e+18
2.38028e+18
3.8091e+18
6.08051e+18
8.51032e+17
6.81077e+18
2.66206e+19
3.43203e+19
3.70632e+19
1.87634e+19
3.98611e+18
2.27557e+18
2.83718e+19
9.97958e+19
1.32044e+20
1.50667e+20
1.16857e+20
3.86796e+19
1.06003e+19
5.2654e+18
1.96823e+19
3.46508e+19
3.63052e+19
2.55971e+19
3.57584e+18
1.16523e+18
2.59589e+18
1.34169e+18
1.28383e+18
1.35223e+18
2.43777e+18
