# Plot index: 0
# FFT size: 66
# Segment size: 4
3.68245e+17
1.37107e+18
2.83367e+18
2.02892e+18
2.48735e+17
8.41251e+17
3.14871e+18
3.20714e+18
2.97156e+18
3.85978e+18
3.44593e+18
2.2179e+18
1.15362e+18
4.04831e+17
1.49621e+16
4.15228e+16
1.33919e+17
6.3017e+17
1.06704e+18
1.11929e+18
1.7366e+18
2.26546e+18
2.12727e+18
1.9617e+18
1.72376e+18
1.57178e+18
1.07119e+18
6.5285e+17
6.74735e+17
4.32574e+17
1.25169e+17
4.2692e+16
1.83344e+15
1.88356e+17
7.52389e+17
1.5349e+18
2.20839e+18
2.64034e+18
2.03994e+18
7.56072e+17
4.477e+17
8.32259e+17
1.16969e+18
1.44659e+18
9.5787e+17
4.32733e+17
1.9175e+17
1.91924e+17
3.09294e+17
2.3277e+17
2.68889e+17
2.23831e+17
3.86374e+17
7.87996e+17
1.05801e+18
1.5307e+18
1.28392e+18
1.29382e+18
1.92745e+18
1.6337e+18
9.54195e+17
8.60048e+17
7.41298e+17
3.4301e+17
6.24943e+16
4.32949e+16
