# Plot index: 0
# FFT size: 66
# Segment size: 4
1.66286e+18
2.00025e+18
2.13775e+18
1.06916e+18
4.63896e+17
1.63908e+17
5.3146e+16
3.0873e+17
2.17859e+18
1.84647e+18
7.5593e+17
2.23652e+17
6.10158e+17
9.36207e+17
9.87609e+17
8.54881e+17
4.62806e+17
3.41449e+17
1.00192e+17
3.13396e+17
7.50294e+17
3.63629e+17
4.09036e+16
2.73813e+17
1.0663e+18
8.29694e+17
4.47656e+17
3.63802e+17
2.30507e+17
3.99747e+17
7.14352e+17
7.85319e+17
3.09278e+18
3.2811e+18
1.9044e+18
1.11004e+18
4.39655e+17
1.29787e+16
2.37816e+17
8.60641e+17
4.53018e+18
6.85063e+18
6.86704e+18
4.23039e+18
2.36252e+18
2.31992e+18
2.97522e+18
3.33015e+18
3.37758e+18
2.13689e+18
7.62989e+17
2.21429e+17
1.32405e+17
3.20171e+17
1.10854e+17
1.04906e+17
5.037e+17
7.14609e+17
5.76165e+17
5.79266e+17
6.72563e+17
5.80158e+17
2.44684e+18
5.21594e+18
7.04124e+18
7.42644e+18
