# Plot index: 1
# FFT size: 66
# Segment size: 4
7.47862e+19
2.96183e+20
3.98369e+20
3.96329e+20
2.72758e+20
5.39525e+19
7.17719e+17
2.39526e+18
2.37855e+18
1.50557e+18
1.6216e+18
1.38576e+18
7.26887e+17
5.09154e+17
1.64673e+16
4.95618e+17
1.82495e+18
3.51798e+18
4.08329e+18
3.43406e+18
1.95721e+18
6.69161e+17
2.69668e+17
5.4059e+17
1.33929e+18
2.17592e+18
1.22574e+19
6.30684e+19
1.08342e+20
1.07416e+20
9.02526e+19
3.57272e+19
5.81209e+17
1.10387e+18
1.89496e+18
1.63654e+18
5.90613e+17
1.81169e+17
1.97494e+17
2.22715e+17
4.03554e+18
2.23878e+18
6.66293e+17
2.13642e+18
4.52967e+18
6.01971e+18
5.22617e+18
3.02717e+18
1.6348e+18
6.98368e+17
3.03782e+17
7.09486e+17
2.44177e+18
7.35755e+18
1.83542e+19
6.26599e+19
1.01417e+20
9.5581e+19
7.53428e+19
2.33291e+19
1.04922e+18
2.62208e+17
1.05219e+18
2.08079e+18
4.17537e+18
6.48312e+18
