# Plot index: 0
# FFT size: 66
# Segment size: 4
2.86586e+17
3.34866e+17
5.19421e+17
1.08994e+18
1.53032e+18
8.28395e+17
5.21716e+17
6.53901e+17
1.075e+18
1.55988e+18
1.99214e+18
2.15342e+18
1.53014e+18
1.16773e+18
1.47016e+18
1.94065e+18
2.14728e+18
1.87837e+18
5.29597e+17
1.65533e+17
9.34337e+17
2.05405e+18
2.14007e+18
1.3255e+18
3.04068e+17
3.41502e+17
1.50819e+18
2.10561e+18
2.0915e+18
1.59745e+18
1.32246e+18
1.88679e+18
2.72811e+18
2.58862e+18
2.14904e+18
1.29201e+18
6.18315e+17
3.03347e+17
5.89039e+17
1.33722e+18
9.8345e+17
6.45963e+17
4.92669e+17
4.21853e+17
4.22544e+17
3.42267e+17
3.98473e+17
5.7653e+17
7.27008e+17
6.24199e+17
3.3433e+17
1.11288e+17
2.0362e+16
2.24941e+17
1.06024e+18
2.03087e+18
1.68793e+18
1.23145e+18
8.78617e+17
2.47753e+17
9.29927e+16
3.76e+17
3.05632e+17
5.87668e+16
4.09783e+17
2.57722e+18
