# Plot index: 0
# FFT size: 66
# Segment size: 4
1.15873e+18
8.48497e+17
5.55866e+17
4.12392e+17
5.97343e+17
1.06119e+18
1.32877e+18
1.35571e+18
1.25335e+18
1.38215e+18
2.34651e+18
4.03429e+18
4.9176e+18
4.06461e+18
3.42703e+18
4.22899e+18
5.17319e+18
5.07181e+18
3.73735e+18
2.94079e+18
2.23239e+18
1.06373e+18
9.64005e+17
2.02216e+18
3.01676e+18
3.48272e+18
3.72976e+18
3.20595e+18
2.73474e+18
3.13816e+18
4.61095e+18
5.61426e+18
4.44191e+18
2.00589e+18
1.25315e+18
1.68962e+18
1.84024e+18
1.37032e+18
5.79936e+17
1.68197e+17
4.34341e+16
4.09213e+16
1.41328e+17
4.40368e+17
9.11627e+17
1.42289e+18
1.34145e+18
9.45074e+17
4.01682e+17
2.77571e+16
4.05297e+17
1.29883e+18
2.0595e+18
2.05048e+18
3.23398e+18
4.45215e+18
5.23202e+18
6.96066e+18
4.87227e+18
1.63428e+18
4.55916e+17
6.44903e+17
8.11893e+17
1.2084e+17
3.05972e+17
4.34988e+18
