# Plot index: 1
# FFT size: 66
# Segment size: 4
3.18195e+19
2.55026e+20
4.89116e+20
5.39122e+20
4.92549e+20
1.94161e+20
2.05491e+19
1.86242e+18
9.3327e+16
1.5287e+17
2.04804e+17
6.2731e+16
3.82501e+16
2.84366e+17
6.2955e+17
1.0387e+18
6.63092e+17
6.70406e+17
5.47097e+17
2.0019e+17
1.97058e+14
6.52358e+16
4.90318e+17
1.1419e+18
1.73754e+18
4.45128e+18
7.14754e+18
1.16788e+19
3.43672e+19
4.81099e+19
5.56062e+19
5.25366e+19
2.26615e+19
7.79616e+18
4.75034e+18
3.17351e+18
2.07798e+18
1.17088e+18
8.8846e+17
7.80986e+17
1.65478e+16
6.80767e+17
2.46506e+18
4.55634e+18
5.69303e+18
3.96443e+18
1.79405e+18
8.52973e+17
5.36664e+17
1.4503e+18
2.57382e+18
3.19231e+18
5.26531e+18
7.53654e+18
1.38597e+19
4.5178e+19
7.03987e+19
6.82105e+19
5.18736e+19
1.76056e+19
6.93636e+18
6.37469e+18
4.15806e+18
2.19832e+18
9.30148e+17
2.68381e+18
