# Plot index: 3
# FFT size: 66
# Segment size: 4
1.65266e+19
8.88201e+18
2.17436e+18
1.14298e+17
9.75768e+17
1.38415e+18
1.83608e+18
4.51592e+18
1.3947e+17
5.15462e+17
1.77928e+17
1.97618e+17
2.51101e+18
5.20573e+18
4.83163e+18
3.4847e+18
3.77315e+18
6.14512e+18
5.24682e+18
2.174e+18
5.0142e+17
1.72913e+17
4.95662e+17
3.46551e+17
1.54081e+17
8.13841e+16
7.18463e+17
9.08581e+17
3.32975e+17
1.0057e+16
8.8339e+17
2.7936e+18
4.59611e+18
5.08966e+18
3.79334e+18
2.88985e+18
3.04678e+18
2.94665e+18
3.0079e+18
1.94483e+18
1.41206e+18
6.11298e+17
2.03589e+17
6.45133e+16
4.49059e+17
4.754e+17
1.46088e+16
3.25445e+17
5.1043e+17
2.00808e+17
3.22247e+16
7.97813e+17
4.20086e+18
7.73175e+18
2.8048e+19
6.44602e+19
7.09977e+19
7.23585e+19
4.0194e+19
5.44139e+18
6.09455e+16
5.71369e+17
2.46332e+18
2.88744e+18
1.36768e+18
6.27658e+17
