# Plot index: 1
# FFT size: 66
# Segment size: 4
3.0278e+18
5.61167e+17
9.09842e+18
1.44485e+20
3.57246e+20
3.9645e+20
3.78967e+20
1.78499e+20
1.65906e+19
2.87462e+17
4.66513e+17
1.60813e+18
2.69403e+18
2.10521e+18
1.00453e+18
1.15245e+17
2.60264e+17
3.29449e+17
5.04977e+17
9.63364e+17
1.19781e+18
8.18018e+17
3.96535e+17
2.13831e+17
2.11139e+17
2.07702e+18
7.161e+18
9.59559e+18
9.48745e+18
6.97165e+18
1.98368e+18
1.26411e+18
2.56702e+19
7.04626e+19
8.17134e+19
7.77026e+19
3.66354e+19
5.04164e+18
2.97611e+18
3.27828e+18
1.91724e+18
9.11863e+17
7.89177e+17
7.18884e+17
3.34128e+17
8.72366e+16
2.30091e+16
7.09932e+17
2.07136e+18
3.45574e+18
3.68225e+18
2.52453e+18
2.01402e+18
1.62072e+18
2.02617e+19
7.58939e+19
9.86793e+19
1.05164e+20
7.77167e+19
1.8933e+19
2.17916e+18
1.86567e+18
2.05954e+18
1.39442e+18
5.65532e+17
1.61522e+17
