# Plot index: 2
# FFT size: 66
# Segment size: 4
1.58454e+18
2.01097e+18
8.28524e+17
1.2385e+17
3.94889e+16
3.03884e+15
4.32989e+17
3.71501e+17
4.65771e+19
3.84352e+20
7.33403e+20
7.91536e+20
6.9418e+20
2.56357e+20
2.26974e+19
1.34631e+18
4.05348e+17
2.18074e+17
9.79291e+17
2.55036e+19
9.95451e+19
1.20233e+20
1.04535e+20
5.75924e+19
5.86183e+18
4.65165e+18
4.05513e+18
9.06567e+17
5.27712e+16
2.13589e+17
7.98008e+17
1.93539e+18
2.97009e+17
5.29596e+18
2.53099e+19
4.23401e+19
4.99097e+19
3.15815e+19
9.3198e+18
2.77852e+18
1.67634e+18
1.27808e+18
1.83477e+18
1.69737e+19
8.04977e+19
1.2223e+20
1.32e+20
1.18206e+20
4.3311e+19
7.63696e+18
3.25073e+18
1.02339e+18
8.94221e+15
1.63222e+17
7.88577e+18
2.68263e+19
2.84132e+19
2.13843e+19
6.90696e+18
3.39948e+18
1.20436e+19
1.11418e+19
4.78331e+18
2.01338e+18
2.18024e+18
3.3023e+18
