# Plot index: 3
# FFT size: 66
# Segment size: 4
6.12001e+17
2.92369e+16
2.61101e+17
1.33862e+18
2.83623e+18
3.9481e+18
3.66606e+18
2.19026e+18
2.08206e+18
2.13637e+18
1.23708e+18
7.9314e+17
5.58052e+17
7.85604e+17
1.84942e+18
3.34813e+18
3.73017e+18
3.76661e+18
3.36091e+18
2.72748e+18
2.54596e+18
2.66846e+18
2.68518e+18
2.50861e+18
1.84746e+18
6.70402e+17
1.08797e+17
2.08317e+18
4.41422e+18
4.76888e+18
5.61303e+18
5.98913e+18
6.99633e+18
7.76718e+18
5.31105e+18
2.46213e+18
1.50454e+18
2.31044e+18
3.27753e+18
3.24095e+18
2.48925e+18
4.69549e+17
4.25415e+17
1.43324e+18
2.55155e+18
2.9034e+18
1.70003e+18
6.55814e+17
7.27951e+17
1.25602e+18
7.88772e+17
2.17207e+17
1.84371e+17
2.56501e+18
2.94295e+19
5.64405e+19
6.46115e+19
6.54632e+19
2.62286e+19
3.36806e+18
1.28507e+18
1.07087e+18
6.66588e+17
2.48379e+17
1.10235e+17
2.12181e+17
