# Plot index: 1
# FFT size: 66
# Segment size: 4
1.78982e+18
6.23075e+18
1.31466e+19
1.91435e+19
1.90061e+19
1.26951e+19
4.45767e+18
7.18648e+17
1.87864e+17
4.85786e+17
6.53534e+17
4.11119e+17
2.99806e+17
6.08493e+17
1.19344e+18
2.31368e+18
3.47902e+18
3.67899e+18
2.65821e+18
1.15923e+18
7.78801e+17
1.40512e+18
8.41791e+17
2.38979e+17
1.2488e+18
3.49969e+18
4.37597e+18
1.34384e+18
3.42134e+18
2.64166e+19
3.91869e+19
3.70213e+19
4.41135e+19
1.82646e+19
1.27351e+18
5.09708e+17
1.19059e+18
1.18407e+18
9.48949e+17
9.5025e+17
1.2525e+18
1.56557e+18
1.65676e+18
1.76533e+18
1.58188e+18
8.99866e+17
6.75516e+17
1.20673e+18
1.66117e+18
1.24311e+18
1.34453e+18
3.48928e+18
6.42652e+18
7.15697e+18
3.37384e+18
3.66418e+19
7.23021e+19
9.21184e+19
8.55469e+19
2.43088e+19
9.66365e+17
8.04798e+16
8.38361e+17
2.09025e+18
2.13896e+18
1.42199e+18
