# Plot index: 1
# FFT size: 66
# Segment size: 4
9.60092e+18
1.66906e+19
1.00798e+20
3.18316e+20
3.92925e+20
3.80504e+20
2.52645e+20
4.48376e+19
9.58376e+17
1.2719e+17
2.44731e+17
3.77674e+17
5.59017e+17
1.50852e+17
7.20976e+17
2.03191e+18
2.04466e+18
1.46168e+18
2.47873e+17
7.82886e+16
5.08496e+17
2.11168e+18
4.3206e+18
5.46656e+18
5.74637e+18
3.14572e+18
7.94737e+17
3.52366e+18
6.04863e+18
8.21062e+18
1.26843e+19
5.13171e+19
8.28287e+19
7.60349e+19
6.45092e+19
2.28298e+19
2.07169e+18
2.2308e+18
2.90441e+18
2.52245e+18
1.06999e+18
3.39548e+17
2.49779e+16
6.60876e+17
7.17418e+17
3.30469e+17
3.35824e+17
2.95021e+17
5.1609e+17
3.07663e+17
3.81265e+17
1.46971e+18
2.06652e+18
3.21141e+17
1.13674e+19
6.9642e+19
9.93339e+19
9.81846e+19
7.14183e+19
1.6279e+19
9.37093e+17
5.50688e+17
1.9329e+18
4.16461e+18
3.04263e+17
4.38341e+17
