# Plot index: 1
# FFT size: 66
# Segment size: 4
5.28102e+18
2.35078e+19
1.8308e+20
3.46333e+20
3.48254e+20
3.1583e+20
1.2325e+20
8.10876e+18
3.60624e+17
1.3206e+18
1.81425e+18
1.8338e+18
1.85173e+18
9.24113e+17
4.2751e+16
6.50124e+16
2.0185e+17
3.96565e+17
2.06583e+17
5.0245e+17
1.83938e+18
2.48546e+18
1.3368e+18
1.87436e+17
9.02314e+17
2.39983e+18
5.09628e+18
9.35989e+18
9.22099e+18
7.02067e+18
3.62156e+19
7.43447e+19
8.0204e+19
6.79564e+19
2.2483e+19
1.93729e+18
1.25527e+18
7.70425e+17
4.25178e+17
3.95199e+17
5.35288e+17
6.84263e+17
7.77086e+17
1.33053e+18
1.91156e+18
2.25532e+18
2.16321e+18
2.64644e+18
3.59939e+18
3.98906e+18
2.46829e+18
9.54524e+17
7.28934e+17
2.49077e+18
2.33914e+19
8.15995e+19
1.04268e+20
9.7874e+19
6.2489e+19
1.11661e+19
1.04042e+18
1.12809e+18
5.90173e+17
2.29667e+17
1.02287e+17
6.59051e+15
