# Plot index: 0
# FFT size: 66
# Segment size: 4
6.46172e+17
1.02759e+18
1.79927e+17
7.21801e+16
4.74212e+17
1.14249e+18
1.50909e+18
4.36722e+17
7.08837e+17
6.11854e+17
1.68436e+18
4.72228e+18
6.18169e+18
5.34458e+18
3.25619e+18
1.55159e+18
1.15632e+18
2.24767e+18
4.80105e+18
5.13295e+18
3.51416e+18
2.68236e+18
7.50097e+17
2.0424e+18
4.19429e+18
4.88564e+18
5.94079e+18
4.18245e+18
1.62618e+18
8.87381e+17
1.55612e+18
3.31879e+18
4.55271e+18
4.67849e+18
2.71243e+18
8.78676e+17
8.53695e+17
7.72341e+17
5.37616e+17
2.26486e+17
5.75938e+17
1.56425e+18
1.55883e+18
8.99053e+17
7.16453e+17
3.63168e+17
4.46042e+17
5.73847e+17
7.41971e+17
1.56392e+18
1.53214e+18
1.64088e+18
1.90665e+18
9.55461e+17
9.63866e+17
1.95772e+18
2.42073e+18
2.4114e+18
1.77189e+18
1.31714e+18
1.40451e+18
2.28949e+18
2.8229e+18
2.41587e+18
5.96177e+17
2.97214e+17
