# Plot index: 1
# FFT size: 66
# Segment size: 4
3.79539e+17
1.08495e+18
2.50492e+18
2.88614e+18
2.50046e+18
2.30395e+18
1.8117e+18
1.44734e+18
4.46346e+20
1.7265e+20
1.07622e+19
1.72085e+18
1.75004e+18
1.74081e+18
1.0511e+18
3.84059e+17
8.67299e+16
2.25012e+17
3.31986e+17
6.08546e+17
8.47529e+17
4.94726e+17
1.71333e+18
3.56867e+18
3.6154e+18
2.38347e+18
1.64328e+18
1.13081e+18
1.10608e+18
8.2854e+17
3.11513e+17
1.95059e+17
5.27818e+17
1.11484e+18
2.01791e+18
1.94787e+18
1.28605e+18
9.27517e+17
1.46276e+18
3.40574e+18
3.65062e+19
5.23072e+18
4.07456e+18
4.93313e+18
5.61622e+18
3.30251e+18
8.99192e+17
2.84676e+17
9.32368e+17
1.90404e+18
1.62105e+18
1.68933e+18
7.27698e+17
3.14025e+18
4.11332e+19
7.91885e+19
8.1431e+19
7.48747e+19
2.86034e+19
4.85913e+18
5.21225e+18
5.03655e+18
4.49957e+18
3.5526e+18
6.92683e+17
9.61018e+17
