# Plot index: 2
# FFT size: 66
# Segment size: 4
2.3417e+19
1.16645e+19
2.40232e+18
5.9448e+17
7.22711e+17
5.54064e+17
8.84788e+17
5.23794e+18
1.32475e+20
5.91843e+20
8.21968e+20
8.40169e+20
6.18672e+20
1.42568e+20
5.8038e+18
5.27228e+17
6.83165e+17
1.24089e+18
1.04595e+18
6.83105e+18
6.96153e+19
1.43761e+20
1.60987e+20
1.42586e+20
5.82289e+19
7.45498e+18
1.70375e+18
7.8528e+17
1.20754e+17
7.05716e+16
6.0759e+16
4.93703e+18
3.20084e+19
5.24784e+19
5.46599e+19
4.46641e+19
1.34157e+19
6.37305e+17
1.86167e+17
3.18356e+17
1.10966e+18
2.01691e+18
7.36888e+18
5.75867e+19
1.15026e+20
1.17531e+20
1.13907e+20
5.14226e+19
6.53929e+18
1.81214e+18
1.66346e+18
6.7306e+17
9.67785e+16
2.03834e+17
9.8045e+18
4.43179e+19
6.75016e+19
7.44915e+19
5.73871e+19
1.64747e+19
1.75367e+18
9.99213e+17
9.22346e+17
1.09493e+18
7.14112e+17
2.68522e+17
