# Plot index: 0
# FFT size: 66
# Segment size: 4
2.55572e+18
1.46272e+18
8.59405e+17
1.30294e+17
5.29598e+16
1.65866e+17
5.10814e+17
5.13564e+17
1.58894e+17
1.10809e+17
1.99476e+17
4.47015e+17
1.15524e+18
1.73536e+18
1.2959e+18
6.48642e+17
1.14598e+17
2.97769e+17
9.38772e+17
7.19542e+17
2.63418e+17
3.27021e+17
3.22145e+17
3.56205e+17
8.85114e+17
4.1392e+17
1.54228e+18
2.37667e+18
1.4962e+18
5.42794e+17
1.34109e+16
9.79754e+17
1.99987e+18
1.85861e+18
1.09365e+18
6.10851e+17
3.65646e+17
7.18428e+17
1.51813e+18
1.07322e+18
7.12979e+17
4.26976e+17
1.99932e+16
3.85279e+17
9.91223e+17
2.07269e+18
2.74358e+18
1.94826e+18
1.437e+18
1.51401e+18
1.16508e+18
6.98149e+17
8.34351e+17
1.23811e+18
1.11283e+18
3.16039e+17
8.52254e+17
2.75227e+18
3.77425e+18
2.50395e+18
8.2373e+17
7.33972e+16
9.58967e+16
3.06429e+17
3.04263e+17
4.38341e+17
