# Plot index: 2
# FFT size: 66
# Segment size: 4
1.0982e+18
3.23159e+18
5.45444e+18
7.02229e+18
9.23023e+18
9.20907e+19
3.50637e+20
4.5226e+20
4.48893e+20
2.98998e+20
5.50515e+19
2.22833e+18
1.35752e+18
9.23113e+17
1.06013e+18
6.6444e+17
5.6758e+17
4.93407e+17
4.39909e+17
1.5389e+18
2.54872e+18
4.0818e+18
6.11673e+18
8.39711e+18
8.35832e+18
7.24978e+18
5.67865e+18
3.93062e+18
3.10013e+18
1.93717e+18
6.38098e+17
1.09304e+18
4.66997e+18
7.16512e+18
8.63967e+18
7.60165e+18
1.02972e+19
5.33504e+19
9.43052e+19
9.54096e+19
8.08361e+19
2.5321e+19
3.4181e+18
4.71268e+18
3.14375e+18
2.41109e+18
1.19854e+18
2.20832e+17
2.78859e+17
1.98051e+18
5.36409e+18
7.37749e+18
9.26118e+18
2.043e+19
6.2924e+19
9.42408e+19
8.90815e+19
7.50138e+19
2.75906e+19
2.79347e+18
7.49248e+17
7.19718e+17
2.28541e+17
1.31687e+18
3.35129e+18
4.65293e+18
