# Plot index: 3
# FFT size: 66
# Segment size: 4
2.50885e+18
3.20572e+18
3.98704e+18
4.42192e+18
2.95736e+18
1.33957e+18
3.43435e+17
2.7009e+17
1.02512e+18
1.49839e+18
1.92865e+18
2.70385e+18
1.92718e+18
5.86524e+17
1.38958e+17
1.16437e+16
2.80907e+15
1.10394e+17
1.10366e+18
3.02624e+18
4.58695e+18
5.7173e+18
5.6059e+18
2.73384e+18
3.93796e+17
4.28743e+16
9.61495e+17
1.70011e+18
8.08266e+17
3.31701e+17
2.83983e+17
7.65804e+16
3.57276e+16
3.37752e+17
7.0784e+17
8.42488e+17
8.0484e+17
1.39715e+18
2.15363e+18
1.58939e+18
1.50981e+18
1.21815e+18
3.87872e+17
1.33404e+17
2.81535e+17
5.44418e+17
1.16893e+18
1.55025e+18
1.67331e+18
1.78769e+18
1.793e+18
1.59536e+18
1.33983e+18
3.52994e+18
3.49382e+19
8.40201e+19
8.89158e+19
7.82398e+19
3.45267e+19
2.57513e+18
1.60987e+18
1.06126e+18
3.44894e+17
1.40688e+17
1.86166e+17
1.22538e+18
