# Plot index: 1
# FFT size: 66
# Segment size: 4
4.72444e+18
1.95947e+19
1.6398e+20
4.04315e+20
4.53393e+20
4.54989e+20
2.68225e+20
4.73971e+19
5.86917e+18
3.79269e+18
3.11578e+18
2.45605e+18
2.06285e+18
2.64318e+18
4.1874e+18
6.29638e+18
7.12322e+18
5.7802e+18
2.95673e+18
7.93765e+17
2.01261e+17
6.30695e+16
9.0971e+16
3.31721e+17
1.93541e+17
2.6824e+17
2.29447e+18
9.09384e+18
1.30158e+19
8.76633e+18
7.23312e+18
5.62884e+19
1.2059e+18
3.32005e+17
2.72347e+17
4.32051e+17
3.55256e+17
5.50568e+17
1.16209e+18
1.92798e+18
4.42757e+18
3.54205e+18
2.38948e+18
1.68798e+18
1.34528e+18
1.13488e+18
8.53058e+17
2.71082e+17
7.68183e+16
2.20219e+17
5.34886e+17
6.43815e+17
7.37469e+16
7.44431e+17
1.79351e+19
8.46581e+19
1.19681e+20
1.0728e+20
7.58248e+19
1.73325e+19
2.87274e+17
5.97595e+16
4.5466e+17
1.40333e+18
1.56887e+18
1.97223e+18
