# Plot index: 0
# FFT size: 66
# Segment size: 4
4.59917e+18
5.52175e+18
4.1655e+18
3.09625e+18
2.49315e+18
2.35454e+18
2.74655e+18
2.00263e+18
1.3945e+18
3.20548e+18
4.7348e+18
4.55467e+18
3.71617e+18
1.98687e+18
6.18204e+17
2.39063e+17
2.82807e+17
3.28627e+17
7.99184e+17
1.21877e+18
1.51229e+18
1.83826e+18
9.28743e+17
8.47667e+17
1.84028e+18
1.93874e+18
1.68935e+18
1.21551e+18
3.34994e+17
1.40177e+17
7.28652e+16
2.77514e+17
1.31393e+18
3.04288e+18
3.99393e+18
4.0109e+18
2.69834e+18
8.80274e+17
5.21311e+17
2.37093e+17
1.4115e+17
8.43472e+17
1.93615e+18
1.6389e+18
2.52185e+17
1.60931e+17
1.20597e+18
1.62719e+18
9.81743e+17
9.86013e+17
1.68042e+18
2.3865e+18
2.73744e+18
2.95081e+18
1.32217e+18
4.94331e+15
6.25049e+17
1.87209e+18
3.21148e+18
2.57748e+18
1.11274e+18
6.12471e+17
6.03057e+17
4.01602e+17
2.60537e+17
3.27747e+17
