# Plot index: 3
# FFT size: 66
# Segment size: 4
2.26115e+18
1.4405e+18
2.32657e+18
2.19408e+18
1.52352e+18
7.7105e+17
2.37801e+17
2.17333e+17
1.85881e+18
5.063e+18
7.98373e+18
8.72938e+18
6.85008e+18
4.54015e+18
3.53324e+18
2.92817e+18
2.5901e+18
1.81135e+18
6.78943e+17
7.87806e+17
1.12397e+18
1.01035e+18
2.38054e+17
3.15368e+17
1.51713e+18
1.47261e+18
5.41e+17
3.79227e+17
1.03084e+18
1.03351e+18
5.21832e+17
6.6196e+17
1.70931e+18
2.10774e+18
2.13123e+18
2.15297e+18
1.39981e+18
9.75957e+17
2.37336e+17
2.08155e+17
1.67578e+18
4.07029e+18
6.79846e+18
8.01584e+18
5.79609e+18
2.10444e+18
2.57274e+17
5.49925e+17
1.27359e+18
2.54208e+18
3.1528e+18
2.06751e+18
7.08372e+17
2.30964e+17
5.64743e+18
3.71347e+19
5.9286e+19
6.4117e+19
5.23291e+19
1.70128e+19
1.46944e+18
3.32038e+17
1.62377e+18
1.14525e+18
7.5033e+17
3.74999e+17
