# Plot index: 1
# FFT size: 66
# Segment size: 4
5.0173e+19
3.00254e+20
5.56367e+20
5.67782e+20
5.16402e+20
2.19558e+20
2.28384e+19
2.13399e+18
1.70858e+18
1.35203e+18
6.68578e+17
1.48455e+17
6.64631e+16
6.36928e+17
6.29122e+17
2.22879e+17
1.4205e+17
7.21665e+16
5.04468e+16
2.89826e+17
7.77781e+17
5.37389e+17
7.6664e+17
2.77749e+18
5.73409e+18
6.28206e+18
5.87131e+18
9.99726e+18
3.38321e+19
5.62248e+19
5.70764e+19
5.6464e+19
2.7412e+19
5.08134e+18
2.31822e+18
2.15881e+18
1.32659e+18
8.69595e+17
5.27797e+17
5.3998e+17
1.33354e+18
1.39727e+18
1.641e+18
1.20119e+18
4.90852e+17
3.39369e+16
4.80514e+17
1.04787e+18
6.65157e+17
6.52443e+17
2.06984e+18
3.82215e+18
3.54606e+18
1.18195e+18
8.81621e+18
5.3106e+19
7.40113e+19
6.65065e+19
4.04334e+19
4.89119e+18
2.14237e+18
5.71397e+18
5.1144e+18
4.26965e+18
3.73196e+18
2.41805e+18
