# Plot index: 0
# FFT size: 66
# Segment size: 4
2.21977e+18
1.06022e+18
2.56965e+17
1.06083e+16
1.14029e+17
1.81709e+17
5.50297e+17
6.62067e+17
6.34089e+17
3.56945e+17
2.6278e+17
9.74144e+16
9.82068e+16
2.35063e+17
4.68084e+17
6.50532e+17
7.30644e+17
8.67443e+17
8.51478e+17
7.96175e+17
7.56949e+17
9.38403e+17
5.8834e+17
1.55988e+17
8.08467e+16
4.14964e+17
7.04695e+17
5.75546e+17
8.03376e+17
1.0793e+18
1.14573e+18
9.53667e+17
8.92526e+17
5.84728e+17
1.0645e+17
1.53143e+15
3.27446e+17
3.489e+17
1.98568e+17
5.34538e+17
7.86623e+17
6.98858e+17
1.80314e+17
4.0621e+16
5.0015e+16
2.52096e+17
1.02145e+18
2.07769e+18
2.60112e+18
2.37022e+18
2.23174e+18
2.02859e+18
2.17782e+18
2.11637e+18
1.39283e+18
8.593e+17
5.08582e+17
1.68148e+17
2.32775e+17
2.32531e+17
8.92073e+16
4.87341e+16
7.83475e+16
3.34156e+17
4.94251e+17
6.93213e+17
