# Plot index: 0
# FFT size: 66
# Segment size: 4
1.9622e+17
1.21605e+17
2.25101e+17
1.0897e+18
1.39467e+18
1.38013e+18
1.20044e+18
4.62978e+17
2.79525e+17
4.10458e+17
4.73139e+17
5.88224e+17
5.65097e+17
3.21433e+17
1.43373e+17
1.14107e+17
7.80601e+16
1.37767e+16
1.16652e+17
4.20623e+17
7.62648e+17
9.96708e+17
1.45589e+18
2.10685e+18
1.29768e+18
9.07737e+17
9.33579e+17
5.16241e+17
1.31845e+17
6.06114e+16
5.79536e+16
7.29672e+16
5.77586e+16
1.4708e+17
4.70322e+17
5.39035e+17
3.61621e+17
3.77236e+17
4.57899e+17
5.71577e+17
1.10458e+18
1.52223e+18
1.79313e+18
1.34301e+18
2.20881e+17
4.13913e+16
1.69297e+17
1.19669e+17
3.28141e+16
4.40877e+17
1.3085e+18
1.82433e+18
8.44375e+17
4.42182e+17
8.42721e+17
9.73149e+17
6.03288e+17
7.64008e+17
7.92231e+17
2.11804e+17
2.50315e+17
3.69382e+17
3.19985e+17
3.89201e+17
2.20244e+17
3.05656e+17
