# Plot index: 1
# FFT size: 66
# Segment size: 4
3.68233e+19
2.50608e+20
4.79931e+20
5.11881e+20
4.37686e+20
1.67845e+20
1.77394e+19
2.68003e+18
1.5389e+18
1.44191e+18
1.8264e+18
1.06804e+18
4.04445e+17
1.81772e+17
4.74597e+16
2.45662e+17
1.06845e+18
1.4748e+18
9.80343e+17
5.03697e+17
6.90148e+17
6.98326e+17
2.16958e+17
8.98272e+16
2.72178e+17
8.15307e+16
2.56807e+17
5.87476e+18
2.75235e+19
3.69003e+19
3.36822e+19
2.30435e+19
5.39319e+18
4.9913e+18
3.11006e+18
1.76815e+18
2.40981e+18
3.24729e+18
1.90552e+18
5.52476e+17
2.22801e+17
6.25686e+17
1.81038e+17
2.20219e+17
5.40693e+17
4.56514e+17
8.00274e+16
2.75111e+17
6.82556e+17
5.13812e+17
4.06183e+17
1.30915e+17
1.72997e+16
4.64424e+17
6.33734e+18
4.56033e+19
9.64914e+19
1.05538e+20
1.01515e+20
5.27717e+19
9.41265e+18
1.28435e+18
8.40842e+17
1.97745e+18
2.14757e+18
8.84288e+17
