# Plot index: 1
# FFT size: 66
# Segment size: 4
1.45634e+16
3.63477e+17
1.10491e+18
9.30091e+17
1.38386e+17
2.37585e+17
1.13677e+18
1.63702e+18
2.38612e+20
2.56582e+19
2.36721e+17
3.54213e+17
3.80718e+17
2.11634e+18
4.16011e+18
3.87575e+18
3.31485e+18
2.56444e+18
1.42205e+18
8.57868e+17
7.6902e+17
4.18738e+17
4.42405e+17
1.18863e+18
4.27483e+18
6.57186e+18
6.50705e+18
7.00024e+18
5.45035e+18
3.18883e+18
1.30268e+18
2.81556e+17
4.28781e+17
2.97933e+17
6.63139e+17
3.22684e+18
1.1415e+19
2.28968e+19
2.28884e+19
1.60647e+19
3.60089e+18
3.95545e+18
2.56524e+18
1.28366e+18
1.42419e+18
2.3891e+18
2.70269e+18
1.83181e+18
1.89122e+17
9.61125e+16
2.23699e+17
2.24866e+17
2.07362e+17
1.95169e+18
3.0474e+19
8.00986e+19
9.21279e+19
9.45721e+19
5.33774e+19
1.00102e+19
1.59863e+18
8.715e+17
6.82234e+17
1.98099e+17
9.22899e+18
8.11399e+18
