# Plot index: 1
# FFT size: 66
# Segment size: 4
8.55882e+18
1.60321e+18
2.85913e+19
2.69447e+20
5.08952e+20
5.32938e+20
4.78302e+20
1.8614e+20
1.64213e+19
6.59794e+17
8.97553e+16
1.67e+17
2.52573e+17
3.9778e+17
1.42732e+18
1.76466e+18
7.03139e+17
2.20573e+17
1.23102e+17
1.54797e+17
8.40378e+16
9.04997e+17
1.80237e+18
2.51511e+18
2.24046e+18
2.69852e+18
4.46694e+18
5.46984e+18
5.18061e+18
4.2923e+18
2.49564e+18
1.39882e+19
7.98385e+18
9.96874e+18
8.44582e+18
6.38949e+18
3.81809e+18
1.52375e+18
4.62652e+17
2.2663e+17
2.39377e+18
3.32396e+18
2.3884e+18
1.81493e+18
1.59919e+18
1.27203e+18
1.38955e+18
1.51113e+18
8.53878e+17
1.95657e+17
5.60132e+17
8.24422e+17
1.12529e+18
1.83549e+18
1.37765e+19
5.85214e+19
8.68409e+19
9.11225e+19
7.50919e+19
2.30325e+19
3.48452e+18
2.6787e+18
2.85046e+18
1.85073e+18
1.00204e+18
1.07643e+18
