# Plot index: 3
# FFT size: 66
# Segment size: 4
1.58454e+18
2.01097e+18
8.28524e+17
1.2385e+17
3.94889e+16
3.03884e+15
4.32989e+17
3.71501e+17
4.06122e+17
2.05988e+18
4.51283e+18
7.77267e+18
9.61431e+18
7.54411e+18
2.64883e+18
6.52744e+16
5.72676e+17
1.62347e+18
2.59761e+18
2.5591e+18
3.04955e+18
3.04026e+18
2.03876e+18
1.44697e+18
6.75052e+17
4.42205e+17
1.15789e+18
1.88827e+18
1.18326e+18
6.81239e+17
6.0556e+17
3.62643e+17
3.02335e+17
9.65362e+17
1.61581e+18
1.34148e+18
3.39736e+17
7.31516e+17
3.78783e+18
5.21791e+18
3.93517e+18
1.1506e+18
3.72588e+16
7.64256e+17
1.40354e+18
9.36761e+17
5.18354e+17
1.10114e+17
5.03829e+17
7.25413e+17
7.44762e+17
5.85993e+17
1.86963e+17
3.30474e+16
5.91951e+18
4.99417e+19
8.66661e+19
9.47846e+19
8.30346e+19
2.76126e+19
2.52863e+18
3.44455e+17
3.15504e+17
1.13617e+18
3.70366e+18
6.00213e+18
