# Plot index: 0
# FFT size: 66
# Segment size: 4
1.7988e+17
6.13638e+16
7.78132e+17
1.79527e+18
1.43286e+18
1.75937e+18
3.07299e+18
3.59974e+18
3.75466e+18
2.14591e+18
5.48094e+17
1.12937e+16
1.42737e+17
3.09105e+17
1.61068e+17
2.6857e+15
2.04e+17
3.28269e+17
4.1241e+17
6.00667e+17
1.39643e+18
2.40635e+18
2.02131e+18
1.11317e+18
6.09088e+17
9.09738e+17
1.17324e+18
6.99668e+17
6.00797e+17
7.32982e+17
6.39999e+17
4.60154e+17
2.81321e+17
5.28025e+17
5.0452e+17
2.37365e+17
8.37457e+15
6.77576e+17
2.83621e+18
4.70284e+18
4.03603e+18
2.48557e+18
7.56707e+17
5.7256e+17
7.78236e+17
2.50298e+17
9.35865e+16
3.43065e+17
2.71313e+17
3.50473e+16
8.73747e+17
1.36245e+18
2.01765e+18
3.04355e+18
4.90102e+18
5.14015e+18
3.45573e+18
1.44861e+18
1.42892e+18
2.30405e+18
1.84692e+18
5.86851e+17
1.09036e+17
4.46587e+17
4.94165e+17
8.82247e+17
