# Plot index: 2
# FFT size: 66
# Segment size: 4
8.78803e+18
1.51597e+19
1.28099e+19
1.00861e+19
5.60874e+18
1.76684e+18
3.5648e+18
1.16585e+20
5.35183e+20
7.32463e+20
7.26663e+20
5.15921e+20
1.08897e+20
2.61158e+18
2.85652e+17
1.16754e+17
9.70673e+16
5.8097e+17
1.0759e+18
2.74116e+17
1.93058e+19
9.08849e+19
1.21554e+20
1.15466e+20
8.32903e+19
2.05657e+19
1.93712e+18
2.0591e+18
1.1341e+19
2.34161e+19
2.22522e+19
1.73477e+19
3.31347e+17
1.2279e+18
3.1694e+18
1.38377e+19
5.716e+19
9.23001e+19
8.34124e+19
6.90794e+19
7.06881e+18
6.28782e+19
1.32933e+20
1.40553e+20
1.29373e+20
5.4684e+19
3.63677e+18
5.63071e+17
2.16973e+18
6.11933e+18
9.36284e+18
9.83051e+18
7.05331e+18
9.27234e+17
1.47956e+19
3.45523e+19
3.19456e+19
2.82385e+19
1.30837e+19
1.7236e+18
7.54911e+17
2.91882e+18
8.73576e+18
1.12827e+19
1.04652e+19
6.85629e+18
