# Plot index: 0
# FFT size: 66
# Segment size: 4
9.13935e+16
2.87808e+17
5.73354e+17
9.94563e+17
7.26036e+17
1.03072e+17
1.79944e+17
7.95758e+17
7.19958e+17
3.22901e+17
1.22004e+17
7.8829e+16
1.39887e+17
1.52578e+17
1.59831e+17
3.5455e+17
7.65012e+17
6.27406e+17
2.56759e+17
5.74344e+16
8.74546e+16
7.17725e+17
7.48917e+17
8.15161e+17
5.92708e+17
5.14102e+16
1.06201e+17
4.84195e+17
9.48908e+17
8.55902e+17
2.52624e+17
4.03348e+16
1.41013e+17
1.73423e+17
1.72856e+17
3.09358e+17
2.61275e+17
5.74653e+17
5.63886e+17
7.93808e+16
2.32726e+17
7.3211e+17
7.8159e+17
4.92468e+17
2.2914e+17
1.01865e+17
8.11686e+15
5.6583e+17
9.80033e+17
8.58411e+17
5.48509e+17
1.44059e+17
3.51468e+16
3.23055e+17
3.84457e+17
6.62094e+17
5.72592e+17
4.64668e+17
2.16326e+17
4.70472e+17
7.98675e+17
3.78373e+17
9.19227e+16
1.50869e+17
2.71903e+17
4.96195e+17
