# Plot index: 3
# FFT size: 66
# Segment size: 4
5.25321e+18
5.67009e+18
3.6954e+18
2.35467e+18
9.74465e+17
1.50658e+17
1.46251e+17
4.5268e+17
1.39684e+18
2.36088e+18
3.58801e+18
5.16036e+18
5.49902e+18
5.37552e+18
5.01245e+18
3.81496e+18
2.95426e+18
3.24465e+18
2.95319e+18
2.12774e+18
1.54661e+18
4.6736e+17
1.09508e+17
1.59069e+18
5.23392e+18
6.96142e+18
4.35427e+18
1.40503e+18
2.04525e+17
1.55297e+18
2.76139e+18
2.85415e+18
2.74154e+18
1.80691e+18
1.85905e+18
2.8582e+18
3.98893e+18
5.93964e+18
6.47252e+18
6.66905e+18
6.19266e+18
3.27258e+18
1.10138e+18
4.37919e+17
3.69595e+17
9.20957e+17
1.51491e+18
1.34548e+18
2.11903e+18
3.09447e+18
2.52991e+18
9.71595e+17
2.78964e+17
2.73671e+18
2.69175e+19
6.846e+19
7.59784e+19
6.75616e+19
2.9943e+19
4.49239e+18
4.11126e+18
2.58026e+18
9.00336e+17
3.87849e+17
5.73075e+17
5.87939e+17
