# Plot index: 2
# FFT size: 66
# Segment size: 4
1.44706e+18
5.71874e+17
4.18206e+17
6.84958e+17
2.24966e+18
3.2685e+18
2.03959e+18
1.28708e+18
1.9978e+17
2.75287e+18
6.41462e+19
4.25344e+20
7.65019e+20
7.49446e+20
6.3731e+20
2.21031e+20
1.16924e+19
9.11699e+18
7.3549e+19
1.30243e+20
1.3431e+20
1.13007e+20
3.84466e+19
2.14215e+18
3.4645e+18
3.23862e+18
1.79444e+18
5.59782e+17
1.3885e+19
5.8267e+19
7.44797e+19
7.47546e+19
2.26342e+18
2.20878e+18
2.47757e+18
2.97472e+18
2.93545e+18
2.93271e+18
1.31475e+18
5.53818e+17
5.18719e+18
2.40724e+19
3.5887e+19
2.82547e+19
1.8631e+19
3.0893e+18
2.37192e+18
2.08514e+19
8.51302e+19
1.25194e+20
1.11608e+20
8.57663e+19
2.3406e+19
1.95569e+18
7.00362e+18
3.32673e+19
4.87367e+19
4.65701e+19
3.26142e+19
8.11739e+18
1.10088e+18
2.26621e+18
4.40132e+18
5.95234e+18
5.81694e+18
3.8205e+18
