# Plot index: 1
# FFT size: 66
# Segment size: 4
2.35908e+19
2.38082e+20
5.79181e+20
6.61153e+20
6.24883e+20
3.31421e+20
5.00342e+19
2.37374e+18
3.62358e+17
3.79382e+17
8.25804e+17
1.54581e+18
1.21182e+18
2.15525e+17
3.23912e+17
5.60591e+17
1.26739e+18
2.05841e+18
2.18294e+18
1.62849e+18
1.20019e+18
1.11848e+18
1.4885e+18
2.62769e+18
3.4645e+18
3.23862e+18
1.79444e+18
5.59782e+17
1.3885e+19
5.8267e+19
7.44797e+19
7.47546e+19
4.99117e+19
8.87098e+18
4.28135e+17
2.30185e+16
2.27731e+17
7.49969e+17
1.24193e+18
1.05412e+18
2.19547e+17
1.62816e+17
2.79333e+17
9.92745e+17
2.06468e+18
2.16069e+18
1.84215e+18
2.11347e+18
2.37707e+18
2.41407e+18
3.41621e+18
4.43597e+18
3.94399e+18
3.02946e+18
7.8848e+18
3.56937e+19
6.02477e+19
6.65975e+19
6.52896e+19
2.8298e+19
4.59444e+18
9.81814e+17
3.72058e+17
4.93233e+17
1.32195e+18
1.89483e+18
