# Plot index: 1
# FFT size: 66
# Segment size: 4
8.22497e+17
5.8666e+17
2.59061e+18
4.74366e+19
2.7524e+20
4.50497e+20
4.5553e+20
3.86708e+20
1.3002e+20
1.13244e+19
2.36538e+18
1.90994e+18
1.3256e+18
1.00239e+18
6.57189e+17
5.73882e+17
2.12734e+18
3.44717e+18
4.67507e+18
2.59729e+18
1.51502e+17
1.39582e+18
3.97839e+18
5.20407e+18
3.23857e+18
2.05929e+18
2.17939e+18
3.77704e+18
2.42076e+18
6.20477e+16
1.73552e+18
3.92086e+18
5.85976e+18
2.69734e+19
9.23301e+19
1.21919e+20
1.19738e+20
8.46699e+19
1.999e+19
1.01773e+18
2.82026e+17
1.28143e+18
3.07511e+18
5.74721e+18
6.3772e+18
7.08147e+18
7.99342e+18
5.2786e+18
3.21036e+18
1.07448e+18
2.07896e+17
8.13261e+17
1.59749e+18
2.99428e+17
1.49e+19
5.24913e+19
6.69592e+19
7.41915e+19
3.95562e+19
4.50011e+18
3.28496e+18
5.02591e+18
5.51187e+18
4.40025e+18
3.1021e+18
2.09532e+18
