# Plot index: 0
# FFT size: 66
# Segment size: 4
1.10101e+17
1.92395e+17
1.31411e+18
1.90716e+18
1.82113e+18
1.27221e+18
1.57149e+18
1.62581e+18
1.84445e+18
2.75929e+18
1.99741e+18
8.5142e+17
5.4439e+17
1.62186e+18
2.69256e+18
1.70018e+18
4.34773e+17
2.82595e+16
2.88411e+17
5.27378e+17
6.66294e+17
6.99135e+17
2.58259e+17
2.30925e+17
2.84132e+17
4.90112e+17
4.32456e+17
5.43357e+16
2.63074e+17
1.28353e+18
1.84186e+18
6.76736e+17
2.07439e+17
5.91189e+17
1.98429e+18
2.49552e+18
1.69332e+18
1.53136e+18
1.10594e+18
9.60455e+17
1.15454e+18
9.59625e+17
3.4587e+17
6.51202e+16
6.44853e+17
1.62855e+18
2.64395e+18
2.20532e+18
1.6005e+18
9.92056e+17
6.67846e+17
5.64443e+17
3.41937e+17
2.99475e+17
6.0438e+17
1.5136e+18
2.06245e+18
2.26407e+18
1.59694e+18
2.81857e+17
1.03382e+17
1.24484e+17
2.77142e+17
3.18219e+17
2.76007e+17
1.77617e+18
