# Plot index: 1
# FFT size: 66
# Segment size: 4
1.31711e+18
1.42626e+18
1.04882e+18
2.89527e+18
5.56327e+19
2.8479e+20
4.08099e+20
4.06932e+20
3.14637e+20
7.3362e+19
2.01472e+18
8.66676e+17
2.10367e+18
2.35018e+18
2.58731e+18
1.29387e+18
9.57861e+17
2.30132e+18
2.94592e+18
3.5111e+18
2.72494e+18
1.73478e+18
1.72008e+18
3.25624e+18
6.0503e+18
6.04097e+18
3.9986e+18
1.67651e+18
3.01328e+16
2.46454e+17
5.65238e+15
7.40099e+17
9.04775e+16
7.85849e+16
1.44881e+17
1.5531e+17
1.37274e+17
1.78295e+17
7.39988e+16
1.07055e+17
6.14001e+18
1.18321e+18
2.50087e+18
2.61371e+18
2.17437e+18
1.48878e+18
1.68393e+17
2.48131e+16
3.23111e+17
6.46907e+17
9.44987e+17
1.56319e+18
2.794e+18
7.31373e+18
4.71196e+19
8.58009e+19
8.41346e+19
6.67236e+19
1.89736e+19
1.75778e+17
1.00393e+18
3.36741e+17
8.04326e+16
1.55081e+18
3.90309e+16
1.43735e+17
