# Plot index: 0
# FFT size: 66
# Segment size: 4
1.69816e+18
1.25156e+18
1.2642e+18
1.73808e+18
2.0116e+18
2.33973e+18
2.73174e+18
2.77105e+18
2.37009e+18
2.4955e+18
2.90042e+18
2.64326e+18
2.17995e+18
1.80449e+18
1.46103e+18
1.51311e+18
1.35206e+18
1.4425e+18
1.76291e+18
1.4077e+18
1.28615e+18
1.26871e+18
1.05429e+18
9.12059e+17
9.66292e+17
1.18068e+18
1.11247e+18
1.14413e+18
1.32136e+18
1.51046e+18
1.98272e+18
2.45829e+18
3.08259e+18
3.13695e+18
2.22033e+18
1.60478e+18
1.54686e+18
1.38632e+18
1.21623e+18
1.15393e+18
9.65698e+17
7.61354e+17
8.98529e+17
1.55845e+18
2.17503e+18
1.78944e+18
7.85224e+17
1.23138e+17
5.83598e+16
4.08334e+17
5.2296e+17
5.08733e+17
4.55961e+17
1.01959e+18
3.0103e+18
6.08557e+18
8.18359e+18
7.09199e+18
4.58699e+18
2.08491e+18
9.70376e+17
9.06218e+17
9.94541e+17
1.4118e+18
2.62616e+18
5.92845e+18
