# Plot index: 1
# FFT size: 66
# Segment size: 4
8.08427e+18
2.11185e+19
1.36617e+20
3.93637e+20
4.83984e+20
4.88021e+20
3.31416e+20
7.03091e+19
4.09036e+18
6.82823e+17
7.23453e+17
8.0957e+17
6.66403e+17
7.32779e+17
5.8141e+17
4.43328e+17
4.32203e+17
7.27128e+17
1.28738e+18
1.49217e+18
1.0137e+18
1.10449e+18
1.30723e+18
1.96992e+18
2.02079e+18
5.04157e+17
7.49443e+17
4.37078e+18
6.85874e+18
6.1433e+18
2.77147e+18
4.23389e+19
8.44609e+19
9.35e+19
8.61194e+19
3.02106e+19
1.90844e+18
6.32278e+17
8.24505e+17
1.58537e+17
5.12705e+17
1.67663e+18
3.7885e+18
5.19309e+18
4.69843e+18
4.05435e+18
5.29998e+18
6.22691e+18
4.58461e+18
3.60147e+18
3.30724e+18
3.04624e+18
2.99187e+18
9.08319e+17
6.42023e+18
5.77981e+19
9.86238e+19
1.0741e+20
8.34089e+19
2.14554e+19
1.67441e+18
1.03792e+18
1.01334e+18
8.83826e+17
5.06144e+17
5.26129e+17
