# Plot index: 2
# FFT size: 66
# Segment size: 4
1.92255e+19
7.32983e+18
4.61091e+17
5.18657e+17
7.98034e+16
2.65863e+17
5.64547e+17
2.43339e+18
1.05286e+20
5.57648e+20
8.15182e+20
8.14085e+20
6.14529e+20
1.44202e+20
3.32721e+18
4.54351e+16
4.30415e+16
2.32457e+17
1.12817e+18
9.13718e+18
6.22367e+19
1.28171e+20
1.36054e+20
1.28451e+20
6.3904e+19
9.5432e+18
8.66722e+17
2.05986e+17
1.59061e+17
1.21222e+16
5.1801e+17
5.85459e+18
2.94442e+19
4.42829e+19
4.06221e+19
3.28212e+19
1.0345e+19
8.26656e+17
3.02743e+17
5.61157e+17
2.29889e+17
2.75711e+17
4.14108e+18
4.57364e+19
1.18954e+20
1.33843e+20
1.23697e+20
6.2511e+19
6.60042e+18
4.80031e+17
1.40649e+17
5.10556e+16
6.35214e+14
1.80233e+17
7.4e+18
3.93603e+19
6.32565e+19
6.61185e+19
5.40634e+19
2.26889e+19
4.98883e+18
9.02173e+17
2.38811e+17
5.50702e+17
8.76926e+17
1.59921e+18
