# Plot index: 0
# FFT size: 66
# Segment size: 4
4.07175e+17
2.24415e+17
2.15925e+17
4.2944e+17
6.02134e+17
9.76485e+17
1.11766e+18
9.8899e+17
8.38725e+17
1.523e+18
1.55182e+18
1.12225e+18
7.78141e+17
3.61453e+17
5.26894e+17
5.47406e+17
2.76872e+17
1.85007e+17
1.10919e+17
3.08189e+16
2.2661e+17
1.01376e+18
2.91908e+18
4.45e+18
2.32554e+18
6.94635e+17
1.04466e+17
4.50646e+16
1.56143e+17
1.85076e+17
1.16967e+17
3.76018e+17
3.20084e+19
5.24784e+19
5.46599e+19
4.46641e+19
1.34157e+19
6.37305e+17
1.86167e+17
3.18356e+17
1.1626e+18
7.69672e+17
4.29342e+17
2.84054e+17
5.88171e+16
2.14814e+17
4.05532e+17
3.37983e+17
1.86478e+17
9.34491e+16
2.57372e+17
8.28648e+17
1.69965e+18
1.41726e+18
4.91456e+17
8.22567e+17
1.57723e+18
1.93243e+18
1.42824e+18
4.24098e+17
5.89013e+17
4.92107e+17
1.09823e+17
2.12279e+17
3.21098e+17
8.40307e+16
