# Plot index: 0
# FFT size: 66
# Segment size: 4
4.45591e+17
1.8053e+16
2.65159e+17
5.17076e+17
6.22599e+17
1.39025e+18
1.6443e+18
6.42665e+17
1.51451e+17
1.84623e+18
5.37998e+18
7.9269e+18
7.15112e+18
4.40914e+18
2.15727e+18
1.65347e+18
1.65701e+18
2.51301e+18
3.9521e+18
5.25728e+18
5.53921e+18
4.90061e+18
3.04395e+18
1.36037e+18
2.21377e+18
4.22503e+18
5.33951e+18
5.55327e+18
4.6735e+18
3.50439e+18
2.44316e+18
1.7e+18
2.74154e+18
1.80691e+18
1.85905e+18
2.8582e+18
3.98893e+18
5.93964e+18
6.47252e+18
6.66905e+18
7.20752e+17
1.1024e+18
1.17689e+18
1.2554e+18
1.10447e+18
2.19074e+17
4.46734e+16
1.77242e+17
1.9088e+17
2.12781e+17
1.2304e+18
2.84686e+18
2.52411e+18
2.39663e+18
2.35446e+18
1.51352e+18
4.70213e+17
1.53179e+15
2.12658e+17
1.06902e+18
1.75377e+18
1.31894e+18
8.98143e+17
3.73014e+17
5.73075e+17
5.87939e+17
