# Plot index: 2
# FFT size: 66
# Segment size: 4
6.27881e+17
8.42392e+17
1.07461e+18
8.11823e+17
5.07069e+17
2.36374e+18
8.90467e+18
1.27798e+19
1.35419e+19
7.09841e+18
3.87649e+18
1.81963e+20
7.35052e+20
9.69829e+20
9.55445e+20
6.59458e+20
1.47016e+20
3.18904e+19
6.77936e+19
8.04838e+19
7.26082e+19
4.62876e+19
6.11109e+18
3.19923e+17
2.39212e+18
3.69054e+18
4.55469e+18
4.47142e+18
2.4815e+18
1.08501e+18
7.77389e+17
1.73295e+18
2.57464e+18
2.47254e+18
1.5365e+18
2.2875e+17
5.89877e+17
4.71118e+18
8.37621e+18
9.80226e+18
1.01066e+19
3.85397e+18
5.92094e+17
1.59124e+19
3.45393e+19
4.04322e+19
4.0877e+19
1.63036e+19
9.49563e+18
7.87562e+19
1.44291e+20
1.4914e+20
1.29308e+20
4.8468e+19
5.46184e+18
8.83363e+18
2.1736e+19
2.26966e+19
1.88028e+19
6.57444e+18
3.51743e+16
2.03704e+18
3.92358e+18
4.80459e+18
4.70643e+18
2.98594e+18
