# Plot index: 0
# FFT size: 66
# Segment size: 4
1.45634e+16
3.63477e+17
1.10491e+18
9.30091e+17
1.38386e+17
2.37585e+17
1.13677e+18
1.63702e+18
3.33809e+18
2.69859e+18
1.95527e+18
1.69332e+18
1.84997e+18
1.19511e+18
3.87178e+17
1.75454e+17
4.00184e+17
6.17671e+17
1.17993e+18
2.78629e+18
3.84237e+18
3.99581e+18
4.92886e+18
5.9404e+18
5.8789e+18
4.53619e+18
3.7531e+18
3.21818e+18
1.52927e+18
7.33156e+17
7.74935e+17
6.15564e+17
4.28781e+17
2.97933e+17
6.63139e+17
3.22684e+18
1.1415e+19
2.28968e+19
2.28884e+19
1.60647e+19
2.48235e+18
1.59636e+18
7.85693e+17
2.59682e+17
2.55228e+16
7.38196e+16
1.67556e+17
1.35902e+17
1.12909e+17
2.69768e+17
6.03601e+17
5.90854e+17
1.05529e+18
2.48117e+18
3.86917e+18
4.19569e+18
4.10311e+18
3.46118e+18
2.17949e+18
1.24734e+18
8.10886e+17
6.87443e+17
5.41914e+17
3.81004e+17
9.22899e+18
8.11399e+18
