# Plot index: 2
# FFT size: 66
# Segment size: 4
3.07044e+18
1.99566e+18
1.63468e+18
1.25163e+18
1.73924e+18
2.40505e+18
4.24203e+18
5.52832e+18
3.59462e+18
8.70704e+17
5.51639e+19
4.6057e+20
7.92919e+20
8.13144e+20
6.99444e+20
2.34756e+20
2.2247e+19
1.40887e+19
5.84349e+19
1.1642e+20
1.17604e+20
1.01314e+20
4.69487e+19
5.27504e+18
1.18138e+18
2.93459e+18
4.57265e+18
4.37107e+18
3.01746e+18
6.41583e+17
4.07018e+17
1.91722e+18
1.59735e+18
4.19055e+17
3.40151e+17
6.44055e+17
1.78444e+18
1.9128e+18
1.23397e+18
7.60806e+16
6.89797e+18
2.39863e+19
3.02487e+19
3.61003e+19
2.403e+19
6.35729e+18
7.38627e+17
1.46111e+19
9.26209e+19
1.32386e+20
1.38086e+20
1.04966e+20
2.87254e+19
6.01072e+18
7.74809e+18
1.92018e+19
2.72387e+19
2.44985e+19
1.80017e+19
6.12781e+18
8.0232e+17
7.30766e+17
1.00978e+18
9.33882e+17
6.25681e+17
4.59784e+17
