# Plot index: 0
# FFT size: 66
# Segment size: 4
7.36683e+16
8.06633e+17
1.56314e+18
1.02684e+18
5.33723e+17
1.4479e+17
3.61636e+17
4.85462e+17
8.07726e+17
1.16592e+18
1.58757e+18
1.11354e+18
3.45018e+17
1.53733e+17
3.08311e+17
6.59175e+17
1.08655e+18
1.2008e+18
9.66206e+17
8.33227e+17
5.8066e+17
2.6975e+17
3.51627e+17
8.20961e+17
9.84912e+17
8.88124e+17
9.83928e+17
8.32981e+17
4.22589e+17
1.24394e+17
5.00227e+16
2.20916e+17
8.15073e+17
1.12948e+18
7.47518e+17
4.01822e+17
2.98228e+17
4.12463e+17
5.34414e+17
1.58121e+17
4.29253e+16
1.69818e+17
4.13891e+17
5.44419e+17
3.98654e+17
7.21744e+16
3.66888e+17
1.5726e+18
2.36615e+18
1.90533e+18
7.12714e+17
1.58939e+17
7.47544e+17
8.88292e+17
5.16751e+17
7.75713e+17
1.0852e+18
4.95565e+17
3.4273e+16
3.04596e+17
1.14127e+18
2.00693e+18
2.85946e+18
2.62603e+18
1.21237e+18
1.53132e+18
