# Plot index: 3
# FFT size: 66
# Segment size: 4
4.59917e+18
5.52175e+18
4.1655e+18
3.09625e+18
2.49315e+18
2.35454e+18
2.74655e+18
2.00263e+18
1.73198e+18
2.54631e+18
2.99003e+18
3.60314e+18
3.26725e+18
2.04137e+18
9.99304e+17
8.42934e+17
1.54295e+18
2.24301e+18
1.98222e+18
1.29324e+18
2.16297e+17
2.83529e+17
3.96253e+17
1.48786e+17
1.00755e+16
3.61606e+17
1.03523e+18
6.98278e+17
3.05032e+17
1.40457e+17
1.20296e+17
5.98048e+17
8.92862e+17
1.94903e+18
2.39945e+18
2.10454e+18
3.67224e+18
4.22356e+18
3.45351e+18
4.07977e+18
3.98701e+18
2.79256e+18
2.30947e+18
2.51167e+18
2.12671e+18
1.02786e+18
9.56644e+17
1.49578e+18
1.68554e+18
1.72491e+18
1.95261e+18
1.7299e+18
7.0361e+17
9.40437e+17
1.74125e+19
4.99267e+19
5.9821e+19
6.78716e+19
4.14071e+19
8.22609e+18
1.7474e+18
2.32054e+18
2.36895e+18
1.80885e+18
1.27291e+18
1.48816e+18
