# Plot index: 1
# FFT size: 66
# Segment size: 4
3.19452e+18
8.08305e+19
2.53969e+20
2.76337e+20
2.64942e+20
1.5154e+20
1.67298e+19
1.74457e+17
7.91206e+16
5.68259e+16
8.43526e+17
2.05127e+18
2.23318e+18
1.6457e+18
1.62648e+18
1.81425e+18
1.60658e+18
1.21576e+18
8.58775e+17
1.7809e+17
9.47618e+16
1.92166e+17
1.64718e+17
6.82228e+17
1.04453e+18
1.16349e+18
1.51304e+17
4.43811e+18
5.23205e+19
1.48113e+20
1.75451e+20
1.53032e+20
8.40823e+19
1.38332e+19
7.38306e+17
2.02422e+17
1.98194e+17
7.4184e+17
1.06375e+18
9.01652e+17
6.30237e+17
4.92624e+17
5.52361e+17
6.90455e+17
6.11492e+17
1.71818e+17
1.59773e+16
1.44757e+17
4.98208e+17
5.8764e+17
8.98552e+17
8.10953e+17
5.52051e+17
2.08455e+17
6.28137e+18
6.21493e+19
1.31232e+20
1.44978e+20
1.28464e+20
5.22147e+19
5.26958e+18
7.74642e+17
5.50638e+17
6.9082e+17
1.03954e+18
8.62678e+17
