# Plot index: 3
# FFT size: 66
# Segment size: 4
6.11857e+17
6.04229e+17
4.43656e+17
2.91159e+17
3.87936e+17
4.61894e+17
3.07803e+17
2.59145e+17
1.2734e+18
2.75379e+18
2.53014e+18
1.01256e+18
5.35708e+16
1.8137e+17
5.4434e+16
1.67723e+17
8.47024e+17
1.46244e+18
1.61266e+18
2.79568e+17
7.25335e+17
1.04248e+18
6.15939e+17
4.08521e+16
1.81528e+17
2.51795e+17
4.21171e+16
5.50715e+16
4.50804e+16
3.38937e+16
7.87544e+16
3.02723e+17
4.54326e+17
4.51752e+17
6.96502e+16
5.98455e+17
5.00229e+17
2.6312e+17
9.91941e+16
1.4063e+18
2.00572e+18
6.61262e+17
8.80381e+16
8.08984e+17
1.36121e+18
7.3541e+17
7.19178e+16
1.30015e+16
8.6199e+15
1.81327e+17
4.03168e+17
1.83186e+17
5.75635e+17
3.4729e+18
2.18496e+19
7.85006e+19
1.04913e+20
9.27223e+19
6.76515e+19
2.07714e+19
1.99453e+18
2.3535e+17
1.32367e+17
1.61258e+17
1.12757e+17
3.92203e+17
