# Plot index: 2
# FFT size: 66
# Segment size: 4
1.02505e+18
1.11298e+16
8.24486e+17
4.4311e+18
8.5189e+18
7.20964e+18
6.56109e+18
4.61765e+18
1.01265e+18
1.09404e+18
7.77831e+19
4.97259e+20
8.07571e+20
8.24385e+20
6.8807e+20
2.20046e+20
1.8106e+19
7.33919e+18
5.48601e+19
1.24659e+20
1.28102e+20
1.15311e+20
5.04815e+19
2.23098e+18
1.25785e+18
6.30195e+18
1.4448e+19
1.50072e+19
1.29683e+19
8.14432e+18
1.81919e+18
3.9166e+17
2.94862e+18
1.05147e+19
1.45867e+19
1.46136e+19
1.31286e+19
6.15402e+18
1.6494e+18
3.6619e+17
1.31154e+19
3.42439e+19
3.81087e+19
3.45759e+19
1.58092e+19
2.32866e+18
1.80188e+18
2.64402e+19
9.05911e+19
1.14893e+20
1.12461e+20
7.42604e+19
1.68233e+19
2.32552e+18
6.95096e+18
3.62466e+19
5.68926e+19
5.50489e+19
4.75574e+19
1.74793e+19
1.09961e+18
7.59152e+17
8.24142e+18
1.77072e+19
2.14757e+18
8.84288e+17
