# Plot index: 2
# FFT size: 66
# Segment size: 4
1.47427e+19
1.66843e+19
1.53202e+19
7.87016e+18
3.07495e+18
1.67296e+18
3.37886e+17
4.15636e+17
3.12323e+19
3.41669e+20
8.2648e+20
9.11425e+20
8.41991e+20
3.99573e+20
3.9929e+19
3.48226e+17
2.85862e+17
3.14727e+17
1.21552e+18
2.50718e+19
7.77608e+19
8.29761e+19
8.09488e+19
5.61618e+19
1.48439e+19
4.36882e+18
4.04356e+18
3.66076e+18
9.07523e+17
2.61627e+16
1.90789e+17
1.50131e+17
8.28418e+17
4.59275e+18
2.1058e+19
4.09161e+19
4.65345e+19
4.32716e+19
1.85532e+19
1.92581e+18
1.0239e+17
3.71206e+17
9.08444e+17
6.26492e+18
5.47336e+19
1.3661e+20
1.56796e+20
1.43736e+20
6.87535e+19
6.2603e+18
4.92614e+17
1.17031e+18
1.95384e+18
2.39634e+18
1.05484e+19
2.51381e+19
2.28265e+19
2.08853e+19
1.98767e+19
1.38913e+19
1.00454e+19
8.83257e+18
6.91407e+18
1.69856e+18
1.00827e+17
7.10576e+17
