# Plot index: 0
# FFT size: 66
# Segment size: 4
3.82306e+16
7.95452e+16
5.96063e+16
1.3001e+17
1.44358e+17
2.25423e+17
1.46317e+17
1.19578e+17
9.22965e+16
9.06036e+16
1.7212e+17
1.26148e+17
1.36096e+17
1.30517e+17
4.61726e+16
6.58253e+16
4.44869e+16
6.64794e+16
7.35834e+16
1.99891e+16
2.65957e+16
2.69098e+15
1.85601e+16
1.50999e+16
2.64439e+16
1.78894e+16
7.70606e+15
5.78786e+16
3.23221e+16
1.17543e+17
6.39378e+16
6.20244e+16
9.04775e+16
7.85849e+16
1.44881e+17
1.5531e+17
1.37274e+17
1.78295e+17
7.39988e+16
1.07055e+17
1.21482e+17
1.80456e+17
1.55974e+17
1.34578e+17
7.76732e+16
5.8191e+16
6.30509e+16
2.92718e+16
1.42548e+17
4.10715e+16
7.13204e+16
3.61935e+15
1.79694e+14
3.48984e+16
2.84247e+16
3.50528e+16
2.09452e+16
2.94625e+15
1.79194e+16
8.25418e+16
1.09176e+17
1.30332e+17
8.1032e+16
5.48004e+16
3.90309e+16
1.43735e+17
