# Plot index: 3
# FFT size: 66
# Segment size: 4
1.86948e+18
1.1724e+18
4.56374e+17
7.3675e+17
2.02775e+18
3.65706e+18
6.23521e+18
5.93216e+18
3.26004e+18
2.25239e+18
1.82677e+18
1.76445e+18
2.13799e+18
1.28769e+18
1.86328e+18
2.7198e+18
1.63843e+18
1.35552e+18
1.282e+18
1.11929e+18
9.34067e+17
1.06468e+18
4.7951e+17
2.73223e+17
2.75399e+16
2.29414e+17
9.48312e+16
3.24118e+17
6.65505e+17
1.21745e+18
1.50285e+18
2.16349e+18
1.49915e+18
6.47491e+18
3.78406e+19
6.41664e+19
6.77748e+19
6.00816e+19
1.70882e+19
7.93108e+17
3.66818e+18
2.66008e+18
3.89542e+18
8.01986e+18
9.59976e+18
7.8954e+18
4.9333e+18
1.75065e+18
7.45602e+17
1.14744e+18
1.71229e+18
2.88225e+18
2.13272e+18
2.37658e+17
2.1732e+19
7.428e+19
9.61264e+19
8.74539e+19
4.61351e+19
8.80655e+18
1.6788e+18
1.3538e+18
1.53732e+18
1.2327e+18
5.19693e+17
1.78593e+18
