# Plot index: 3
# FFT size: 66
# Segment size: 4
4.51542e+18
4.68563e+18
5.38869e+18
4.70342e+18
2.06778e+18
5.39166e+17
3.2184e+17
1.04311e+18
9.83137e+16
2.34404e+17
6.2052e+17
1.71686e+18
2.95257e+18
2.88007e+18
1.57411e+18
5.54023e+16
2.05521e+18
7.24624e+18
8.03173e+18
3.57416e+18
1.288e+18
6.62198e+17
3.12619e+17
7.2085e+16
4.49688e+16
6.75988e+16
9.93542e+16
8.53898e+16
9.77875e+16
5.11403e+17
2.03718e+18
2.83791e+18
3.41005e+18
4.53107e+18
3.12398e+18
8.39115e+17
1.78707e+18
3.27295e+18
2.53765e+18
1.7116e+18
5.80505e+17
3.07217e+17
4.2061e+17
1.11163e+18
2.08694e+18
2.6701e+18
2.41315e+18
1.08467e+18
4.94494e+17
1.64111e+17
1.2297e+17
2.63272e+17
4.39812e+17
2.77575e+18
2.54784e+19
7.13749e+19
8.01809e+19
7.12827e+19
4.18813e+19
7.97044e+18
7.46547e+17
9.67135e+17
2.69155e+18
3.95885e+18
4.1509e+18
3.77043e+18
