# Plot index: 1
# FFT size: 66
# Segment size: 4
6.46172e+17
1.02759e+18
1.79927e+17
7.21801e+16
4.74212e+17
1.14249e+18
1.50909e+18
4.36722e+17
3.80827e+19
2.81259e+18
7.95635e+17
2.42375e+17
6.50905e+16
4.99865e+16
1.85384e+17
4.47657e+17
1.10805e+18
2.17571e+18
4.32678e+18
5.45272e+18
3.72271e+18
1.81133e+18
8.10842e+17
1.43297e+18
1.86957e+18
2.50261e+18
3.48825e+18
3.42553e+18
3.40862e+18
2.39183e+18
1.79686e+18
4.00242e+17
8.98335e+18
5.67693e+19
8.74129e+19
9.61425e+19
6.51262e+19
1.59797e+19
2.44716e+18
1.02254e+18
1.17689e+18
1.52166e+18
8.39801e+17
3.19504e+17
5.90655e+16
3.31177e+17
1.23414e+18
2.94492e+18
4.33478e+18
2.83995e+18
1.21295e+18
5.08293e+17
1.37305e+18
4.93501e+18
2.92024e+19
8.29608e+19
9.96723e+19
1.00141e+20
6.93121e+19
1.40567e+19
4.22762e+17
1.35498e+16
8.09909e+17
2.99584e+18
5.96177e+17
2.97214e+17
