# Plot index: 2
# FFT size: 66
# Segment size: 4
1.65266e+19
8.88201e+18
2.17436e+18
1.14298e+17
9.75768e+17
1.38415e+18
1.83608e+18
4.51592e+18
6.47241e+19
4.39184e+20
7.50967e+20
7.9597e+20
6.8088e+20
2.15561e+20
1.48698e+19
2.09667e+18
8.43405e+17
2.96315e+17
1.52472e+18
2.62393e+19
1.15024e+20
1.64865e+20
1.59439e+20
1.24388e+20
3.95752e+19
7.52188e+18
2.50712e+18
3.23079e+17
5.64696e+17
1.53771e+18
4.54786e+18
1.05871e+19
1.19701e+19
2.31253e+19
3.41298e+19
3.58579e+19
2.67765e+19
8.38815e+18
4.07447e+18
4.0226e+18
2.78952e+18
2.5389e+18
4.45581e+18
1.95921e+19
6.86467e+19
9.12523e+19
9.55999e+19
6.54797e+19
1.49836e+19
5.34218e+18
3.52492e+18
1.5044e+18
4.52735e+17
5.68155e+17
1.35463e+19
4.64346e+19
5.77944e+19
5.85214e+19
4.59415e+19
1.7711e+19
7.20791e+18
3.58069e+18
2.05261e+18
1.7009e+18
1.79388e+18
3.01644e+18
