# Plot index: 3
# FFT size: 66
# Segment size: 4
3.27719e+18
2.51471e+18
1.24985e+18
3.6348e+17
3.97881e+17
1.69162e+18
2.71176e+18
4.11675e+18
4.25985e+18
2.68287e+18
2.74784e+18
3.29194e+18
2.12784e+18
2.16244e+18
2.20043e+18
1.51896e+18
2.21259e+18
5.09218e+18
7.09205e+18
5.17281e+18
2.47958e+18
2.93825e+18
4.08124e+18
3.34153e+18
2.27589e+18
2.03782e+18
1.93939e+18
2.16149e+18
3.50943e+18
5.09037e+18
6.83652e+18
8.12209e+18
6.62308e+18
4.17994e+18
4.50647e+18
6.48345e+18
5.53381e+18
2.89162e+18
1.28775e+18
2.00284e+18
2.73675e+18
9.74264e+17
5.94115e+17
1.44076e+18
3.25786e+18
3.07471e+18
1.53897e+18
1.12475e+18
1.42084e+18
2.10055e+18
2.91207e+18
2.82387e+18
2.76261e+18
3.08488e+18
1.26416e+19
6.18381e+19
9.58599e+19
8.97363e+19
6.01275e+19
1.34732e+19
8.32402e+17
1.87692e+18
3.57635e+18
5.22118e+18
4.1035e+18
1.59614e+18
