# Plot index: 2
# FFT size: 66
# Segment size: 4
9.21631e+18
2.60767e+19
1.99276e+20
3.74919e+20
4.10107e+20
3.58235e+20
1.22628e+20
1.15407e+19
5.98535e+17
1.33124e+19
2.25951e+20
6.97528e+20
8.14346e+20
7.78673e+20
4.44638e+20
5.53847e+19
2.48679e+17
4.57445e+18
3.5853e+19
1.03112e+20
1.24274e+20
1.19599e+20
6.74206e+19
8.19237e+18
6.24858e+17
8.86845e+17
1.23237e+17
3.26359e+18
4.52315e+18
4.09606e+18
3.28755e+18
5.75187e+18
7.07566e+18
5.52696e+18
2.42693e+18
7.56373e+16
7.21045e+17
8.27097e+16
4.62724e+18
2.71926e+19
3.93536e+19
3.61853e+19
2.32529e+19
5.67946e+18
7.49483e+17
1.71945e+18
2.56762e+19
1.01444e+20
1.31961e+20
1.29981e+20
9.66396e+19
2.31594e+19
6.46512e+17
3.34931e+17
6.37304e+18
2.94396e+19
4.40274e+19
3.97105e+19
2.38283e+19
5.3995e+18
6.78113e+18
7.13876e+18
3.76357e+18
8.51354e+17
1.04417e+18
6.80024e+17
