# Plot index: 2
# FFT size: 66
# Segment size: 4
3.95938e+18
5.41488e+17
1.34285e+18
3.88421e+18
5.08246e+18
3.1191e+18
2.64177e+19
3.03457e+20
7.15826e+20
8.03994e+20
7.80291e+20
4.01525e+20
5.64201e+19
2.79165e+18
1.03836e+18
4.54436e+18
8.88495e+18
7.38429e+18
5.26527e+18
3.39122e+18
9.05413e+18
6.2689e+19
1.05784e+20
1.00095e+20
8.1253e+19
1.66359e+19
5.90339e+18
3.11797e+19
4.43859e+19
5.68637e+19
4.87729e+19
1.92629e+19
4.55134e+17
1.14462e+18
1.88096e+18
1.86238e+18
8.1671e+18
5.26329e+19
8.50422e+19
8.57706e+19
5.23691e+19
1.27083e+20
1.56867e+20
1.56751e+20
8.6433e+19
1.75379e+19
3.7051e+18
4.62574e+18
9.30266e+18
1.25635e+19
7.8019e+18
4.7412e+18
3.57905e+18
6.64714e+18
2.73052e+19
4.06752e+19
3.38428e+19
2.99458e+19
9.25245e+18
4.04061e+16
4.83717e+18
1.25574e+19
1.96789e+19
1.87339e+19
1.0561e+19
5.73691e+18
