# Plot index: 0
# FFT size: 66
# Segment size: 4
9.95212e+17
1.22971e+18
9.59181e+17
8.55995e+17
1.50019e+18
2.61233e+18
2.80597e+18
3.72617e+18
5.8846e+18
6.42768e+18
4.44337e+18
2.42263e+18
2.70392e+18
4.69672e+18
6.53332e+18
7.63444e+18
7.63181e+18
5.16735e+18
3.23817e+18
2.72654e+18
1.92233e+18
1.16331e+18
1.14285e+18
1.12912e+18
8.41251e+17
7.06052e+17
1.41987e+18
2.45105e+18
4.09366e+18
6.95802e+18
7.75082e+18
6.47231e+18
5.29844e+18
3.61495e+18
2.04474e+18
1.99702e+18
3.25698e+18
3.50595e+18
2.17513e+18
1.50174e+18
1.62407e+18
9.84196e+17
6.85518e+17
1.4072e+18
2.23235e+18
1.88234e+18
1.1604e+18
6.77496e+17
2.64482e+17
3.83263e+17
6.42381e+17
2.96051e+17
3.52799e+17
6.26542e+17
7.06129e+17
3.78025e+18
6.03846e+18
5.54681e+18
2.25934e+18
6.65626e+17
3.61331e+18
6.45415e+18
5.18725e+18
3.51666e+18
2.47683e+18
1.39967e+18
