# Plot index: 3
# FFT size: 66
# Segment size: 4
1.83033e+17
7.78983e+16
5.40029e+17
1.32667e+18
9.04452e+17
3.14472e+17
6.85016e+16
5.30756e+16
3.13415e+17
1.49417e+18
1.96351e+18
1.84384e+18
1.34605e+18
2.78575e+17
7.21608e+17
1.88589e+18
1.90621e+18
1.74912e+18
8.99794e+17
2.97861e+17
3.44166e+17
1.65672e+16
1.03736e+18
3.00934e+18
5.28237e+18
4.98439e+18
3.87052e+18
4.62707e+18
2.7844e+18
4.76723e+17
3.06471e+15
1.51027e+17
2.30313e+17
5.46934e+16
7.23031e+17
1.93903e+18
3.0092e+18
2.11345e+18
9.91232e+17
7.49115e+17
1.46339e+18
3.18355e+18
3.11537e+18
1.17687e+18
1.63977e+16
3.62357e+17
2.2623e+17
2.876e+17
9.74777e+17
2.27749e+18
1.79667e+18
1.0274e+18
8.58393e+17
9.8864e+17
4.75747e+18
3.5259e+19
5.64193e+19
6.00744e+19
4.1316e+19
4.34218e+18
1.88805e+18
3.95857e+18
3.51578e+18
2.79043e+18
2.35096e+18
2.10639e+18
