# Plot index: 2
# FFT size: 66
# Segment size: 4
1.31808e+17
6.32119e+17
9.61979e+17
1.28248e+18
1.73271e+18
8.62436e+17
6.77101e+17
3.17585e+17
1.56572e+18
7.08297e+19
4.68766e+20
7.70143e+20
7.98737e+20
7.00074e+20
2.25622e+20
1.22976e+19
4.32081e+17
7.30638e+17
4.19163e+18
4.30848e+19
1.02806e+20
1.14497e+20
1.03272e+20
4.64569e+19
5.82055e+18
4.73104e+17
2.90278e+17
1.72749e+18
1.68157e+18
1.14843e+18
1.31245e+18
1.86864e+18
3.00596e+18
1.56809e+18
2.5172e+17
3.01256e+17
7.89309e+18
2.63587e+19
3.38463e+19
3.75424e+19
2.35055e+19
4.52084e+18
5.43986e+17
5.47633e+16
9.54023e+17
2.57008e+19
1.07099e+20
1.44935e+20
1.46785e+20
1.03808e+20
2.20147e+19
9.12519e+17
2.02897e+16
4.78666e+17
1.74802e+17
7.35871e+18
1.596e+19
1.92356e+19
1.79793e+19
4.62874e+18
2.45249e+16
5.26422e+17
1.57362e+18
4.68988e+18
7.75233e+18
8.73185e+18
