# Plot index: 1
# FFT size: 66
# Segment size: 4
5.12697e+17
6.3188e+17
7.6599e+17
4.48676e+19
2.60975e+20
4.02184e+20
3.97909e+20
3.27629e+20
9.99713e+19
7.15704e+18
1.55975e+18
1.16557e+18
1.13411e+18
1.82202e+18
2.19951e+18
3.29518e+18
4.03471e+18
3.76319e+18
1.52307e+18
2.94497e+17
1.79866e+17
1.5158e+17
5.00797e+17
1.06085e+18
1.58451e+18
5.9871e+18
1.17379e+19
1.39788e+19
1.41891e+19
6.88628e+18
1.07846e+18
3.09377e+16
1.986e+18
2.8965e+19
9.0686e+19
1.03099e+20
9.42993e+19
6.05901e+19
1.21155e+19
1.37121e+18
5.58197e+17
4.54224e+17
2.28236e+17
8.18184e+16
3.3327e+17
1.08679e+18
1.80328e+18
1.58556e+18
6.35603e+17
1.65176e+17
3.28352e+16
2.02879e+17
9.13348e+17
2.0178e+18
1.66879e+19
7.20374e+19
9.89861e+19
9.74418e+19
7.27735e+19
1.63996e+19
4.14541e+17
4.58387e+17
6.86286e+17
1.48639e+18
1.76807e+18
5.77549e+17
