# Plot index: 2
# FFT size: 66
# Segment size: 4
5.69742e+18
1.19253e+19
1.34144e+19
1.11997e+19
5.29564e+18
1.46782e+18
7.51132e+17
6.162e+17
5.89362e+18
1.33202e+20
5.93574e+20
8.40513e+20
8.454e+20
6.14169e+20
1.36309e+20
2.97164e+18
7.13283e+17
7.14179e+17
4.6274e+18
4.56359e+19
1.17972e+20
1.29825e+20
1.201e+20
6.27724e+19
8.1475e+18
1.64733e+18
4.7851e+18
8.72352e+18
9.5089e+18
6.58626e+18
3.04854e+18
2.7975e+18
4.6091e+19
7.41086e+19
7.86084e+19
6.287e+19
1.307e+19
7.45144e+17
9.65882e+17
1.07059e+17
6.01953e+18
5.72176e+17
9.59651e+17
1.29491e+18
7.0434e+18
5.25486e+19
1.13059e+20
1.17358e+20
1.09556e+20
5.06983e+19
3.70424e+18
1.15324e+18
2.70249e+18
3.089e+18
6.10931e+18
2.08279e+19
3.29075e+19
3.52844e+19
3.01046e+19
1.03691e+19
2.15081e+18
4.45854e+18
1.00456e+19
1.2919e+19
1.35798e+19
8.32794e+18
