# Plot index: 3
# FFT size: 66
# Segment size: 4
1.66286e+18
2.00025e+18
2.13775e+18
1.06916e+18
4.63896e+17
1.63908e+17
5.3146e+16
3.0873e+17
6.12833e+17
1.30009e+18
2.01442e+18
3.30117e+18
3.55517e+18
2.04114e+18
5.96673e+17
9.14167e+15
4.70354e+17
1.24489e+18
1.58635e+18
2.14345e+18
2.02016e+18
1.15199e+18
7.12119e+17
3.29251e+17
2.59948e+16
8.83742e+16
6.75685e+17
1.23337e+18
1.01463e+18
1.09877e+18
1.13937e+18
1.83965e+18
3.09278e+18
3.2811e+18
1.9044e+18
1.11004e+18
4.39655e+17
1.29787e+16
2.37816e+17
8.60641e+17
1.45563e+18
1.66185e+18
1.12714e+18
7.37159e+17
6.82213e+17
1.04929e+18
1.28977e+18
1.01422e+18
3.29788e+17
3.88851e+17
1.40572e+18
1.8529e+18
1.23692e+18
1.48958e+18
6.54511e+18
4.16093e+19
8.06503e+19
8.88825e+19
8.07571e+19
2.79e+19
7.44814e+17
7.90013e+17
1.39275e+18
1.23356e+18
6.29307e+17
1.18741e+18
