# Plot index: 3
# FFT size: 66
# Segment size: 4
3.02458e+18
4.90962e+18
3.01274e+18
5.62936e+17
2.41851e+17
9.64143e+17
1.77553e+18
1.15527e+18
1.75054e+16
3.36271e+17
5.61772e+17
1.32751e+18
7.20655e+17
9.81774e+17
2.21767e+18
2.90997e+18
2.39062e+18
1.43861e+18
1.18587e+18
3.82077e+17
1.82002e+17
5.77604e+17
1.07292e+18
9.32283e+17
5.74258e+17
6.18571e+17
4.24992e+17
1.2332e+17
1.65707e+18
4.17588e+18
6.10555e+18
5.58004e+18
3.30204e+18
2.44918e+18
2.86489e+18
2.12367e+18
2.26624e+18
2.45846e+18
1.68748e+18
1.49617e+18
4.03501e+18
3.76387e+18
1.67092e+18
1.2728e+18
8.44976e+17
1.10083e+18
1.31392e+18
1.279e+18
7.24605e+17
1.62496e+17
3.77113e+17
8.42188e+17
2.60997e+17
1.14542e+18
2.17548e+19
6.78966e+19
7.71601e+19
6.80903e+19
3.83691e+19
3.98155e+18
2.96909e+18
5.8237e+18
4.50579e+18
1.6672e+18
6.42267e+17
5.25802e+17
