# Plot index: 3
# FFT size: 66
# Segment size: 4
3.13709e+17
8.14039e+16
4.09872e+17
8.91831e+17
8.20875e+17
4.90611e+17
1.23832e+17
4.27695e+17
3.99924e+17
9.44288e+16
3.04592e+17
1.91871e+17
3.77775e+16
2.94283e+15
1.16045e+17
7.89302e+17
8.17308e+18
7.9389e+18
4.50696e+18
2.73714e+17
1.01275e+19
8.34988e+19
1.51058e+20
1.60633e+20
1.66564e+18
5.72509e+17
1.38209e+17
2.15235e+17
5.25184e+17
5.6181e+17
1.143e+18
2.85998e+18
6.56482e+18
9.56902e+18
6.53983e+18
2.03138e+18
7.59643e+17
2.26262e+18
1.75003e+18
1.13724e+18
8.64043e+17
2.46694e+17
8.91647e+17
1.29019e+18
1.78136e+18
2.15483e+18
2.46123e+18
2.50995e+18
1.14375e+18
2.96254e+17
6.38267e+16
7.49211e+16
5.6332e+17
7.20188e+18
4.48958e+19
9.09417e+19
9.22108e+19
7.56501e+19
2.80054e+19
1.12152e+18
2.92494e+17
3.90843e+17
4.20421e+17
4.77037e+17
2.96239e+17
4.24999e+17
