# Plot index: 0
# FFT size: 66
# Segment size: 4
1.44166e+18
1.61145e+18
3.51172e+18
5.04864e+18
6.82571e+18
7.94623e+18
2.59049e+19
2.89679e+20
5.76754e+17
3.0083e+17
8.44723e+16
7.06847e+16
4.63028e+17
3.51877e+17
1.39136e+17
1.05053e+16
1.2874e+17
1.58351e+17
1.36181e+17
6.07606e+15
3.19677e+16
3.39394e+16
7.28633e+16
4.63984e+15
1.02901e+16
8.12432e+16
3.82505e+16
4.17871e+15
5.40628e+16
1.86698e+17
1.51551e+17
6.89816e+16
1.73682e+16
2.37404e+17
4.34237e+17
3.05585e+17
5.31231e+14
1.81423e+17
4.50267e+17
5.48862e+17
1.37846e+17
2.78062e+16
3.75621e+17
8.73085e+17
4.72819e+17
5.22813e+16
2.45307e+17
7.36087e+17
8.03137e+17
5.08188e+17
6.96641e+16
6.04843e+17
9.97257e+17
8.16994e+17
3.83638e+17
1.95165e+17
7.05541e+17
1.32434e+18
8.36638e+17
1.865e+17
2.98197e+17
1.35362e+18
1.56223e+18
5.20167e+17
9.93984e+16
8.09674e+17
