# Plot index: 3
# FFT size: 66
# Segment size: 4
1.43261e+18
2.20052e+18
2.42703e+18
2.40218e+18
1.57693e+18
1.12878e+18
4.09926e+17
3.23725e+17
3.52161e+18
7.97683e+18
1.00484e+19
6.40251e+18
2.63221e+18
1.41941e+18
6.44178e+17
1.06499e+17
4.80609e+16
1.00974e+17
1.44865e+17
1.82887e+18
2.8423e+18
3.84771e+18
5.24206e+18
4.27597e+18
2.42175e+18
2.18433e+18
2.05506e+18
1.81832e+18
1.03524e+18
5.48064e+17
1.50912e+18
2.40308e+18
1.83749e+18
9.5133e+17
2.19623e+17
4.04753e+17
1.18481e+18
1.29822e+18
1.08979e+18
7.39102e+17
6.58143e+17
6.89104e+17
1.20685e+18
2.15466e+18
2.9007e+18
2.46679e+18
9.54759e+17
3.15519e+17
1.43215e+18
4.45186e+18
5.49323e+18
3.93726e+18
2.4107e+18
1.83243e+18
1.08564e+19
4.70609e+19
6.90359e+19
6.60513e+19
5.1494e+19
1.30466e+19
2.16426e+18
3.74074e+18
2.15363e+18
4.26263e+17
4.23422e+17
1.20143e+18
