# Plot index: 1
# FFT size: 66
# Segment size: 4
2.87815e+18
7.29655e+16
2.35692e+19
2.08256e+20
4.7273e+20
5.15573e+20
4.88752e+20
2.51325e+20
3.0475e+19
1.4579e+17
9.41822e+17
2.6067e+18
3.26047e+18
2.00002e+18
5.35165e+17
1.19125e+17
2.16728e+17
4.01577e+17
1.11419e+17
2.0668e+17
5.4185e+17
1.0168e+18
6.42129e+17
3.45134e+17
8.49162e+16
7.1651e+17
4.07678e+18
6.55879e+18
7.57902e+18
4.44227e+18
1.3521e+18
3.4817e+18
2.89409e+19
7.3621e+19
8.43622e+19
8.2206e+19
4.25956e+19
4.71232e+18
8.70485e+17
3.26825e+17
1.40194e+17
1.01237e+17
1.2182e+17
3.325e+17
1.07744e+18
9.77275e+17
2.47029e+17
8.21988e+17
1.84278e+18
2.27278e+18
2.94456e+18
2.27643e+18
6.25042e+17
9.36684e+17
1.9243e+19
7.50755e+19
1.01218e+20
1.0501e+20
6.8724e+19
1.2071e+19
9.10511e+17
1.69673e+18
3.17469e+18
2.94086e+18
1.78714e+18
8.33292e+17
