# Plot index: 3
# FFT size: 66
# Segment size: 4
2.71899e+18
1.10999e+18
3.06908e+17
2.08965e+16
7.58861e+16
2.75517e+16
7.78879e+17
1.34979e+18
1.2748e+18
1.55776e+18
2.07505e+18
2.60961e+18
2.94053e+18
3.05617e+18
3.19628e+18
2.58923e+18
6.76086e+17
9.68468e+17
2.20185e+18
2.64798e+18
2.16534e+18
1.87771e+18
1.5256e+18
7.37071e+17
7.47825e+17
1.5574e+18
2.58985e+18
2.81859e+18
2.0227e+18
1.77103e+18
1.26973e+18
6.43415e+17
8.46372e+17
1.69347e+18
6.47485e+17
8.47946e+17
6.13157e+18
1.2775e+19
1.57245e+19
1.18382e+19
4.67407e+18
7.39707e+17
3.29613e+17
9.60387e+17
2.16927e+18
2.70606e+18
1.15799e+18
1.05512e+18
8.95792e+17
3.43066e+17
3.32195e+17
9.93271e+17
1.96601e+18
1.33416e+18
1.15354e+19
5.19326e+19
7.13516e+19
7.52068e+19
5.52331e+19
1.7592e+19
6.05717e+18
3.39411e+18
2.0565e+18
1.58449e+18
7.47412e+17
1.68707e+17
