# Plot index: 3
# FFT size: 66
# Segment size: 4
9.67866e+18
1.11353e+19
9.16672e+18
3.40096e+18
2.0846e+18
2.2194e+18
1.96627e+18
6.66043e+17
3.41031e+18
2.48027e+18
4.15318e+17
5.32126e+17
2.23544e+18
3.18399e+18
1.77347e+18
7.66616e+17
1.33827e+18
3.18386e+18
4.01846e+18
2.19332e+18
1.26335e+18
6.824e+17
8.77475e+16
1.09447e+18
3.13635e+18
3.85804e+18
3.20305e+18
1.52751e+18
2.50639e+17
1.00564e+18
3.51243e+18
4.15246e+18
4.50141e+18
5.2693e+18
3.40911e+18
1.02785e+18
3.38251e+17
4.02623e+18
8.32674e+18
8.34618e+18
3.67293e+18
6.24709e+17
2.61302e+18
4.86348e+18
4.59869e+18
2.4034e+18
1.03419e+18
7.06033e+17
2.89274e+17
8.99533e+16
1.10948e+18
2.82185e+18
3.8297e+18
3.66822e+18
1.60937e+19
5.46099e+19
7.03855e+19
7.8474e+19
7.02012e+19
2.5262e+19
5.17062e+18
1.92563e+18
7.1447e+17
6.51712e+16
5.61245e+16
6.56899e+16
