# Plot index: 0
# FFT size: 66
# Segment size: 4
7.13233e+17
1.56126e+17
4.97238e+16
3.11233e+17
3.46778e+16
6.45569e+16
1.15433e+17
1.75644e+17
3.62468e+17
1.28137e+18
1.75269e+18
1.4891e+18
1.20118e+18
9.93084e+17
1.20949e+18
1.60411e+18
1.09339e+18
4.34633e+17
2.93264e+17
8.44701e+16
9.68651e+14
1.87955e+17
5.1879e+17
2.79305e+17
1.49114e+16
1.67133e+17
5.99766e+17
7.96165e+17
1.24769e+18
1.5382e+18
1.03559e+18
6.41299e+17
7.2567e+17
1.18722e+18
1.67491e+18
1.53637e+18
6.88129e+17
3.25454e+17
9.94609e+16
1.12451e+17
2.54894e+17
5.52341e+17
1.8066e+17
1.57606e+17
8.32638e+17
1.40383e+18
7.52239e+17
1.04215e+18
1.71595e+18
2.04848e+18
1.94105e+18
1.55416e+18
2.14007e+18
2.932e+18
2.74105e+18
1.53686e+18
2.65117e+17
2.6377e+17
1.37125e+18
1.82604e+18
1.16902e+18
5.25884e+17
4.5514e+16
2.25888e+17
7.59954e+17
6.72932e+17
