# Plot index: 1
# FFT size: 66
# Segment size: 4
3.74016e+20
7.23545e+19
1.47767e+18
9.64105e+17
2.77403e+18
3.45129e+18
1.20691e+19
5.50415e+19
1.04595e+20
1.21242e+20
1.14221e+20
5.39584e+19
1.07576e+19
2.05819e+18
7.636e+17
4.34841e+17
2.3367e+17
1.51301e+18
2.00767e+19
8.45344e+19
1.41591e+20
1.41221e+20
1.06254e+20
3.75006e+19
4.41075e+18
2.87769e+18
4.74092e+18
3.8458e+18
4.21883e+18
3.66501e+19
1.27641e+20
1.56202e+20
1.57777e+20
1.06217e+20
1.81566e+19
4.32896e+17
3.29215e+17
5.68715e+17
4.54843e+17
1.03926e+18
9.8743e+18
1.82512e+19
1.56361e+19
1.3467e+19
4.22376e+18
2.75512e+17
2.0396e+18
2.63584e+18
3.73596e+18
3.57587e+18
2.25031e+18
1.69521e+18
2.38026e+19
4.97315e+19
5.30182e+19
5.26437e+19
2.00969e+19
1.11933e+18
1.22257e+17
1.51355e+16
8.78249e+16
2.17147e+17
3.07914e+18
6.68737e+18
3.10714e+18
1.20437e+18
