# Plot index: 2
# FFT size: 66
# Segment size: 4
2.95154e+18
4.13017e+18
5.56981e+18
5.31159e+18
1.68589e+18
2.05695e+17
2.25298e+18
8.46306e+19
4.97871e+20
7.97801e+20
8.16039e+20
6.78345e+20
2.16953e+20
1.38937e+19
8.13948e+17
2.12426e+18
4.95546e+18
5.46158e+18
3.39279e+18
4.26891e+18
2.71498e+19
9.56773e+19
1.28576e+20
1.39764e+20
9.11256e+18
1.12417e+19
1.1117e+19
8.53769e+18
3.45868e+18
2.47996e+18
4.09769e+18
5.16636e+18
2.97131e+18
2.97027e+18
8.79163e+18
3.32879e+19
8.47879e+19
9.76693e+19
9.37478e+19
6.14293e+19
1.54395e+18
1.5476e+19
8.07284e+19
1.06045e+20
1.04056e+20
6.64077e+19
1.04563e+19
7.9676e+16
6.22631e+17
2.36738e+18
7.47941e+18
8.43178e+18
5.82377e+18
4.38886e+18
9.38966e+18
2.07073e+19
2.32325e+19
2.50312e+19
1.204e+19
3.64376e+17
6.73146e+17
5.93317e+17
2.76348e+18
1.04351e+19
1.29184e+19
1.24714e+19
