# Plot index: 3
# FFT size: 66
# Segment size: 4
3.07044e+18
1.99566e+18
1.63468e+18
1.25163e+18
1.73924e+18
2.40505e+18
4.24203e+18
5.52832e+18
1.45676e+18
4.27529e+17
1.22743e+17
3.54505e+17
8.17932e+17
8.82192e+17
2.09263e+18
5.28143e+18
6.4792e+18
6.3228e+18
5.62993e+18
3.51937e+18
2.20356e+18
1.68985e+18
9.79494e+17
5.59358e+17
1.03423e+18
1.6667e+18
2.0642e+18
1.12493e+18
9.1273e+17
1.1849e+18
8.38733e+17
5.39133e+17
4.2818e+17
1.86412e+17
1.37712e+18
5.29635e+18
6.77132e+18
7.22186e+18
5.31013e+18
1.03571e+18
3.03568e+17
4.84241e+17
1.72158e+17
8.83327e+16
6.28831e+17
1.44349e+18
2.97803e+18
5.78338e+18
5.5036e+18
3.54421e+18
1.61476e+18
1.16307e+17
1.47071e+17
8.94033e+17
1.05118e+19
4.26413e+19
6.26431e+19
6.11397e+19
4.34873e+19
1.18041e+19
1.64577e+18
1.1296e+18
8.26329e+17
4.40787e+16
8.74382e+17
2.81179e+18
