# Plot index: 2
# FFT size: 66
# Segment size: 4
3.36218e+17
6.89257e+18
1.55222e+19
1.57673e+19
1.45104e+19
5.58037e+18
3.90134e+17
6.67194e+17
6.14011e+17
3.439e+19
3.84637e+20
8.07914e+20
8.84401e+20
8.29226e+20
3.49828e+20
3.4882e+19
1.76957e+18
2.23898e+17
5.82996e+18
6.40653e+19
1.28737e+20
1.39608e+20
1.25657e+20
4.60517e+19
2.80192e+18
6.68448e+16
5.17532e+17
1.05058e+18
8.85895e+18
2.18402e+19
2.4961e+19
2.08348e+19
7.7246e+18
9.14669e+17
1.72916e+17
1.24761e+16
2.37794e+18
2.24305e+19
4.347e+19
4.70603e+19
4.70604e+19
2.25533e+19
4.25015e+18
9.65524e+17
4.24809e+17
7.23284e+18
5.38729e+19
9.61402e+19
1.03354e+20
9.7906e+19
3.92746e+19
4.73928e+18
1.19722e+18
1.42031e+18
1.95698e+18
2.11848e+19
4.37744e+19
4.97155e+19
4.61418e+19
1.66276e+19
1.48228e+18
1.63726e+17
3.88415e+17
2.64394e+18
1.17724e+19
2.00825e+19
