# Plot index: 3
# FFT size: 66
# Segment size: 4
3.98299e+18
4.33572e+18
4.33193e+18
3.8142e+18
2.74314e+18
2.1458e+18
1.5076e+18
4.35578e+17
1.53917e+16
7.06035e+17
1.58902e+18
1.82457e+18
8.73702e+17
1.70017e+18
3.40857e+18
2.12429e+18
1.49408e+18
6.38196e+17
4.18874e+17
7.45931e+17
1.39464e+18
1.68569e+18
7.37753e+17
4.72337e+17
6.66279e+17
1.04121e+18
1.32673e+18
1.42297e+18
1.46117e+18
2.01309e+18
3.27266e+18
3.35273e+18
9.26549e+17
1.34239e+17
1.39499e+18
2.78126e+18
3.69932e+18
3.19545e+18
4.03041e+18
2.38034e+18
7.47918e+17
1.1469e+18
1.24112e+18
5.02312e+17
9.53115e+16
1.20929e+18
3.22775e+18
4.69642e+18
4.44594e+18
3.02681e+18
2.16823e+18
2.09086e+18
2.5095e+18
3.1605e+18
6.5606e+18
3.67202e+19
5.56324e+19
6.25383e+19
4.97672e+19
1.0151e+19
1.74934e+17
6.14047e+17
1.22067e+17
9.18003e+17
1.87776e+18
2.65444e+18
