# Plot index: 2
# FFT size: 66
# Segment size: 4
1.85432e+18
2.2881e+18
1.40968e+18
9.79058e+17
3.02872e+18
1.04605e+19
1.75764e+19
1.8306e+19
1.50874e+19
5.21244e+18
7.67257e+18
2.39754e+20
7.57055e+20
9.11258e+20
8.98474e+20
5.2081e+20
8.34985e+19
1.76406e+19
5.59577e+19
8.77775e+19
1.00871e+20
9.23821e+19
3.02904e+19
2.25574e+18
1.97089e+18
4.14706e+18
4.40541e+18
4.10439e+18
2.44292e+18
2.45878e+18
3.83113e+18
4.2905e+18
4.56528e+18
2.8538e+18
6.1691e+17
8.51912e+17
6.56159e+18
1.27319e+19
1.55477e+19
1.42335e+19
6.58555e+18
4.297e+18
1.99107e+19
4.26149e+19
4.35357e+19
3.63494e+19
1.7344e+19
6.82733e+17
1.91127e+19
9.6014e+19
1.36846e+20
1.41617e+20
9.97097e+19
2.2079e+19
4.00634e+18
1.36317e+19
2.6803e+19
3.08814e+19
3.05185e+19
1.28276e+19
8.01262e+17
2.01969e+17
8.23843e+17
9.04958e+17
6.38342e+17
7.1059e+16
