# Plot index: 0
# FFT size: 66
# Segment size: 4
5.76036e+20
1.42506e+20
1.11951e+19
5.39257e+18
2.67793e+18
2.0896e+17
2.73095e+18
2.94525e+19
4.28561e+19
2.68e+19
2.11296e+19
5.80882e+18
3.71522e+18
3.48628e+18
2.56175e+18
9.78341e+17
3.55217e+17
2.22932e+18
1.1489e+18
2.18929e+19
6.92814e+19
8.56451e+19
9.38514e+19
4.30267e+19
6.08627e+18
2.5283e+18
1.28751e+18
7.23054e+17
4.61339e+18
4.12183e+19
1.27497e+20
1.57087e+20
1.58099e+20
1.1744e+20
3.04305e+19
3.01772e+18
5.26508e+17
4.07043e+16
1.12103e+18
3.8102e+18
8.73897e+18
9.41571e+18
7.02406e+18
6.62423e+18
3.37216e+18
8.02173e+17
2.51371e+17
6.16607e+16
1.00138e+18
2.04165e+18
3.60956e+18
9.66751e+18
3.26876e+19
5.78312e+19
6.56472e+19
6.08105e+19
2.78966e+19
4.02081e+18
2.57764e+17
9.38385e+17
2.45238e+18
3.49808e+18
4.69932e+18
5.34106e+18
2.60597e+19
3.16355e+19
