# Plot index: 3
# FFT size: 66
# Segment size: 4
1.44706e+18
5.71874e+17
4.18206e+17
6.84958e+17
2.24966e+18
3.2685e+18
2.03959e+18
1.28708e+18
6.85682e+18
5.30242e+18
1.19357e+18
7.22115e+16
5.60609e+17
1.48302e+18
3.49022e+18
3.25022e+18
1.54631e+18
1.4583e+18
1.33295e+18
6.41458e+17
5.54077e+17
1.74068e+18
2.37929e+18
2.25703e+18
2.23639e+18
1.551e+18
5.69967e+17
4.35208e+17
3.26948e+18
6.45898e+18
8.06187e+18
6.59432e+18
3.57841e+18
2.99213e+18
6.12564e+18
1.30104e+19
1.7829e+19
2.05571e+19
1.96029e+19
1.02024e+19
2.97586e+18
7.28638e+17
4.16893e+17
1.77843e+18
3.31377e+18
2.96439e+18
1.01575e+18
1.59414e+17
1.34694e+18
2.97487e+18
4.04425e+18
3.92853e+18
4.63131e+18
4.39314e+18
2.2742e+18
1.95913e+19
3.42131e+19
3.75223e+19
2.92518e+19
4.98501e+18
5.40473e+17
4.54654e+17
3.23795e+17
2.69484e+18
8.54181e+18
1.03418e+19
