# Plot index: 2
# FFT size: 66
# Segment size: 4
4.11501e+18
3.99576e+18
5.22176e+18
9.99624e+18
1.03207e+19
6.22259e+18
1.93917e+18
1.85232e+16
5.76299e+17
5.94114e+18
1.33937e+20
5.88744e+20
7.99876e+20
7.86691e+20
5.63266e+20
1.1454e+20
1.34752e+18
2.84541e+18
2.85946e+19
1.01419e+20
1.3385e+20
1.30692e+20
9.0439e+19
1.91328e+19
1.31508e+18
7.92309e+17
1.55281e+18
4.9214e+18
5.31144e+18
4.95124e+18
2.79784e+18
5.20879e+18
1.16892e+19
8.55333e+18
3.94834e+18
3.39147e+17
1.43522e+18
4.99944e+18
1.006e+19
2.79764e+19
4.44279e+19
3.92187e+19
2.76539e+19
1.02233e+19
2.55501e+18
2.54679e+18
8.96989e+18
5.76755e+19
1.17567e+20
1.15258e+20
9.95788e+19
4.10185e+19
2.84296e+18
1.04015e+17
1.49962e+18
1.66621e+19
3.69611e+19
4.39854e+19
4.29264e+19
1.97048e+19
5.37293e+18
4.55313e+18
1.93572e+18
5.70817e+17
1.635e+18
4.0159e+18
