# Plot index: 2
# FFT size: 66
# Segment size: 4
4.72444e+18
1.95947e+19
1.6398e+20
4.04315e+20
4.53393e+20
4.54989e+20
2.68225e+20
4.73971e+19
1.47208e+18
8.25979e+19
5.07518e+20
8.08893e+20
8.16402e+20
6.70189e+20
1.98887e+20
1.03536e+19
3.58689e+17
1.54144e+18
1.811e+19
8.97473e+19
1.40886e+20
1.35054e+20
1.03792e+20
2.95964e+19
5.53008e+17
8.78225e+17
8.3441e+17
3.80775e+16
4.09829e+18
1.17467e+19
1.49326e+19
1.23408e+19
5.13887e+18
1.18783e+18
1.10725e+18
4.86965e+17
3.8282e+18
2.43796e+19
3.86509e+19
4.62139e+19
3.7945e+19
1.30334e+19
2.89855e+18
9.58238e+17
4.10985e+17
1.89385e+19
7.8939e+19
1.02202e+20
1.08462e+20
7.47885e+19
1.51339e+19
1.45657e+18
9.58103e+17
1.8415e+18
1.15873e+19
3.84143e+19
5.1121e+19
4.4864e+19
2.50164e+19
4.00168e+18
3.03107e+17
1.18809e+18
3.24875e+17
1.01226e+18
6.80468e+18
1.37669e+19
