# Plot index: 2
# FFT size: 66
# Segment size: 4
4.8677e+18
5.54742e+18
3.34026e+18
1.38417e+18
1.44071e+18
7.90885e+17
1.10334e+17
7.35886e+18
1.74711e+20
5.80959e+20
6.98965e+20
6.96613e+20
4.24895e+20
6.44602e+19
2.24144e+18
1.93875e+18
3.44516e+18
3.27621e+18
2.63052e+18
4.73045e+18
4.04385e+19
1.19457e+20
1.44775e+20
1.51423e+20
9.52281e+19
2.17185e+19
4.51555e+18
2.64401e+18
1.57913e+18
2.39305e+18
8.06589e+18
2.7415e+19
1.08981e+18
1.97916e+18
2.77274e+19
8.11269e+19
1.01217e+20
1.03369e+20
6.19978e+19
1.14953e+19
1.96253e+18
1.88268e+18
1.27776e+19
7.19954e+19
1.09876e+20
1.14645e+20
8.70513e+19
2.18928e+19
1.85147e+18
1.43895e+18
9.00309e+17
5.73607e+17
9.97691e+17
4.45685e+18
1.44259e+19
3.62554e+19
4.3751e+19
4.27731e+19
3.34995e+19
8.66646e+18
2.04932e+18
2.46731e+18
2.14427e+18
1.95424e+18
2.12857e+18
1.952e+18
