# Plot index: 1
# FFT size: 66
# Segment size: 4
2.3827e+19
1.7791e+20
3.07528e+20
3.27931e+20
2.86829e+20
9.69292e+19
9.11779e+18
3.06409e+18
5.47229e+18
9.08062e+18
1.182e+19
1.05907e+19
5.65065e+18
2.68877e+18
2.81481e+18
3.59993e+18
4.01035e+18
5.13439e+18
4.87926e+18
4.37825e+18
4.8301e+18
4.253e+18
3.62505e+18
2.54386e+18
1.29046e+18
9.84709e+17
4.99088e+17
1.44528e+19
7.58042e+19
1.16729e+20
1.21805e+20
9.90973e+19
3.24064e+19
5.06264e+18
4.0057e+18
5.80841e+18
8.52283e+18
1.19685e+19
1.02485e+19
5.17491e+18
2.8619e+18
2.0427e+18
1.73796e+18
2.04227e+18
1.92511e+18
1.42283e+18
2.01215e+18
2.03635e+18
8.42983e+17
2.69128e+17
1.18843e+17
6.79373e+16
3.70968e+16
2.41158e+17
1.20064e+19
7.85232e+19
1.24768e+20
1.15036e+20
8.86605e+19
2.36958e+19
1.37989e+18
1.60221e+18
1.87158e+18
2.5471e+18
3.31766e+18
2.26079e+18
