# Plot index: 1
# FFT size: 66
# Segment size: 4
1.09116e+19
8.58303e+18
4.65397e+19
2.51814e+20
4.22486e+20
4.53499e+20
3.93429e+20
1.31187e+20
1.14809e+19
1.42092e+18
6.41514e+17
6.09014e+17
4.54497e+17
3.54421e+17
1.24055e+18
3.75975e+18
6.16321e+18
6.0325e+18
2.81989e+18
1.14112e+18
2.35329e+18
3.33043e+18
2.45481e+18
1.06906e+18
7.96008e+17
3.21962e+18
8.50516e+18
9.56128e+18
6.47791e+18
4.25933e+18
6.50475e+17
1.31067e+19
5.82857e+19
7.64188e+19
8.13221e+19
6.17001e+19
1.48757e+19
1.25755e+18
1.36076e+18
2.84233e+18
4.10193e+18
2.29321e+18
5.97343e+17
3.11513e+17
7.63132e+17
1.67491e+18
1.73597e+18
1.24799e+18
7.09896e+17
8.86328e+17
1.53726e+18
9.98257e+17
1.57998e+17
1.46329e+18
2.94597e+19
1.06929e+20
1.34482e+20
1.16448e+20
7.39209e+19
1.38209e+19
7.3893e+17
1.3307e+18
1.36306e+18
1.20342e+18
4.33188e+17
1.24588e+17
