# Plot index: 2
# FFT size: 66
# Segment size: 4
5.83432e+17
2.3345e+17
2.4181e+17
3.33621e+17
7.45865e+16
1.63542e+18
5.30353e+18
7.54619e+18
9.44133e+18
6.51121e+18
1.19062e+19
2.18007e+20
6.83401e+20
8.15315e+20
8.12544e+20
4.68793e+20
6.34007e+19
2.41124e+19
9.76444e+19
1.26561e+20
1.20736e+20
9.00128e+19
2.43917e+19
3.11664e+18
5.15399e+18
8.71134e+18
8.62142e+18
6.94205e+18
2.77116e+18
6.81522e+17
2.48151e+18
5.2502e+18
6.08638e+18
4.97945e+18
1.84904e+18
8.37298e+17
3.56913e+18
6.97624e+18
8.14414e+18
8.31632e+18
4.56962e+18
1.84946e+18
9.58428e+18
2.97901e+19
3.79943e+19
4.05758e+19
2.48483e+19
6.66664e+18
1.56055e+19
8.07244e+19
1.19351e+20
1.28181e+20
9.20938e+19
1.82647e+19
5.41548e+18
3.23419e+19
4.95642e+19
4.79024e+19
3.79561e+19
1.22908e+19
1.54397e+18
2.80319e+18
7.06251e+18
9.81054e+18
1.01833e+19
5.07625e+18
