# Plot index: 2
# FFT size: 66
# Segment size: 4
3.18195e+19
2.55026e+20
4.89116e+20
5.39122e+20
4.92549e+20
1.94161e+20
2.05491e+19
1.86242e+18
5.5815e+18
2.37985e+18
1.95008e+19
2.78314e+20
7.51492e+20
8.53988e+20
8.18655e+20
4.29013e+20
5.09423e+19
1.55588e+19
6.94538e+19
9.75335e+19
1.00056e+20
7.7277e+19
2.03785e+19
1.19067e+18
4.9707e+17
1.80855e+18
2.83997e+18
3.67297e+18
2.4191e+18
1.88628e+18
1.7069e+18
1.04877e+18
2.26615e+19
7.79616e+18
4.75034e+18
3.17351e+18
2.07798e+18
1.17088e+18
8.8846e+17
7.80986e+17
2.51005e+18
5.29626e+18
2.5778e+19
4.83572e+19
5.04665e+19
4.4024e+19
1.73205e+19
3.12763e+18
4.03292e+19
1.27804e+20
1.54535e+20
1.49146e+20
8.95262e+19
1.23711e+19
1.72658e+18
1.28586e+19
1.98352e+19
2.06561e+19
2.04186e+19
7.82008e+18
1.19453e+18
9.51231e+16
4.34908e+17
1.21902e+18
2.76855e+18
4.25469e+18
