# Plot index: 0
# FFT size: 66
# Segment size: 4
3.79539e+17
1.08495e+18
2.50492e+18
2.88614e+18
2.50046e+18
2.30395e+18
1.8117e+18
1.44734e+18
2.44121e+18
1.32815e+18
9.35277e+17
8.4701e+17
1.13252e+18
1.06144e+18
6.21201e+17
7.58485e+17
1.21789e+18
1.40439e+18
1.03856e+18
1.531e+18
2.43472e+18
1.90948e+18
8.67761e+17
4.25823e+17
8.78595e+17
2.12264e+18
3.29138e+18
2.87988e+18
1.24648e+18
5.91867e+17
7.81743e+17
6.1229e+17
5.27818e+17
1.11484e+18
2.01791e+18
1.94787e+18
1.28605e+18
9.27517e+17
1.46276e+18
3.40574e+18
5.20023e+18
4.54623e+18
2.35278e+18
4.46778e+17
2.60542e+16
3.63938e+17
1.11373e+18
1.97987e+18
2.33638e+18
2.05059e+18
6.24001e+17
1.99512e+16
4.07061e+17
8.95309e+17
1.78545e+18
2.71809e+18
2.87816e+18
2.52695e+18
2.07292e+18
1.10633e+18
2.12475e+17
2.58041e+17
6.97725e+17
6.68707e+17
6.92683e+17
9.61018e+17
