# Plot index: 0
# FFT size: 66
# Segment size: 4
4.96931e+17
6.92652e+17
6.48291e+17
1.90566e+17
3.29226e+16
3.04653e+17
6.88154e+17
7.76779e+17
4.72701e+17
8.87206e+17
1.44997e+18
1.27068e+18
8.77726e+17
8.1431e+17
6.94842e+17
6.1909e+17
6.05289e+17
6.391e+17
8.45518e+17
1.04638e+18
5.22673e+17
1.60816e+16
1.78536e+17
6.88884e+17
7.31713e+17
3.19899e+17
2.75078e+17
3.7643e+17
5.35428e+17
7.45469e+17
1.04355e+18
1.23945e+18
1.39582e+18
1.36082e+18
9.88054e+17
8.38544e+17
1.06119e+18
5.57054e+17
9.70304e+16
5.50259e+16
3.48284e+17
4.70408e+17
2.20421e+17
6.50029e+16
3.11523e+16
1.28953e+17
3.13382e+17
1.01859e+18
2.18793e+18
2.00418e+18
1.67452e+18
1.25119e+18
4.10512e+17
6.53011e+17
7.59448e+17
2.12056e+17
1.33307e+17
4.30211e+17
3.11578e+17
2.77897e+16
2.51877e+16
6.10499e+16
1.6399e+17
3.90868e+17
4.97747e+17
1.76259e+18
