# Plot index: 0
# FFT size: 66
# Segment size: 4
2.56953e+18
1.84792e+18
1.12351e+18
5.40316e+17
2.10039e+17
4.28494e+17
1.14848e+18
1.48888e+18
1.68706e+18
1.61438e+18
1.29164e+18
1.75786e+18
2.28507e+18
2.13718e+18
1.4976e+18
5.15969e+17
2.47736e+17
5.78768e+17
6.73322e+17
1.24943e+18
2.18302e+18
2.27427e+18
2.27502e+18
1.87938e+18
1.13736e+18
1.08706e+18
1.08869e+18
5.04745e+17
5.57692e+17
1.17901e+18
1.63639e+18
1.71828e+18
1.43061e+18
1.55287e+18
2.05076e+18
1.9605e+18
1.69973e+18
1.1127e+18
4.52569e+17
1.87039e+17
2.89321e+17
8.03915e+17
1.76081e+18
2.51791e+18
2.39439e+18
1.85094e+18
1.35386e+18
1.12314e+18
1.0215e+18
8.34079e+17
5.37063e+17
4.17644e+17
7.17811e+17
1.41166e+18
1.97934e+18
1.92525e+18
2.02183e+18
2.02995e+18
1.5119e+18
1.2404e+18
1.22095e+18
6.08119e+17
2.40357e+17
1.46777e+17
3.6499e+17
1.61738e+18
