# Plot index: 0
# FFT size: 66
# Segment size: 4
1.19239e+18
6.83548e+17
7.64853e+17
1.46016e+18
1.64187e+18
1.61308e+18
1.97189e+18
1.72545e+18
1.0669e+18
8.751e+17
1.10224e+18
9.38592e+17
3.87156e+17
1.44867e+17
7.54661e+16
2.73965e+17
1.02363e+18
1.49658e+18
7.78133e+17
1.66794e+17
1.18301e+17
1.15628e+17
2.14224e+17
4.37128e+16
5.13614e+16
4.81827e+17
1.74913e+18
2.43517e+18
1.60855e+18
7.14173e+17
3.15512e+17
6.50043e+16
1.63261e+17
5.43199e+17
3.79333e+17
2.3445e+17
6.79696e+17
1.54737e+18
1.94359e+18
1.7386e+18
1.58019e+18
8.73104e+17
2.34217e+17
2.95977e+17
4.61009e+17
5.91872e+17
8.8239e+17
1.0389e+18
1.07733e+18
1.59608e+18
1.8243e+18
1.24931e+18
6.14221e+17
3.70471e+17
2.22617e+17
2.02952e+17
5.09763e+17
7.8181e+17
1.13468e+18
9.13454e+17
2.17144e+17
3.87974e+17
7.85974e+17
5.62232e+17
3.70342e+17
1.41981e+18
