# Plot index: 2
# FFT size: 66
# Segment size: 4
4.97102e+17
3.15307e+18
9.08077e+18
1.25812e+19
1.39651e+19
9.51539e+18
1.84636e+19
2.29024e+20
6.74361e+20
8.02761e+20
7.79464e+20
4.34039e+20
5.48052e+19
1.68689e+18
5.71887e+18
8.27342e+18
9.40628e+18
6.69717e+18
1.97462e+18
1.05698e+18
1.22251e+19
7.43872e+19
1.33459e+20
1.36517e+20
1.22098e+20
5.25126e+19
9.84447e+18
1.4015e+19
2.53465e+19
3.0371e+19
2.84797e+19
1.0544e+19
8.70439e+17
1.31791e+18
5.81767e+18
1.43151e+19
1.81625e+19
1.64433e+19
1.12624e+19
5.58003e+18
1.80995e+19
7.91911e+19
1.09511e+20
1.1414e+20
7.84711e+19
1.1693e+19
2.27422e+18
8.76879e+18
1.12523e+19
1.18849e+19
9.01753e+18
2.48284e+18
9.71496e+17
4.65405e+18
2.23232e+19
4.45208e+19
4.42719e+19
3.9173e+19
2.00439e+19
4.06157e+18
4.07404e+18
6.79914e+18
7.69753e+18
8.90106e+18
3.93878e+18
1.41575e+16
