# Plot index: 3
# FFT size: 66
# Segment size: 4
2.32536e+18
2.35614e+18
3.61875e+18
5.44712e+18
5.72835e+18
3.92825e+18
2.52436e+18
1.31337e+18
6.30424e+17
6.48571e+17
5.43456e+17
3.83522e+17
2.18053e+17
2.21661e+17
2.83891e+17
1.72177e+18
2.24951e+18
1.81893e+18
1.41444e+18
2.58996e+18
4.3419e+18
5.12834e+18
4.59883e+18
2.77343e+18
1.74319e+18
1.97201e+18
2.20674e+18
2.64006e+18
2.95532e+18
2.10607e+18
1.34094e+18
1.77538e+18
3.28356e+18
4.79729e+18
4.39605e+18
3.66665e+18
4.25344e+18
5.13029e+18
5.09354e+18
2.0653e+18
4.57761e+17
9.33264e+17
1.57189e+18
2.03153e+18
1.68682e+18
9.67027e+17
1.13594e+18
2.2021e+18
4.34407e+18
7.56647e+18
9.21484e+18
7.68719e+18
5.67253e+18
4.68916e+18
8.08158e+18
2.88662e+19
4.45794e+19
3.61578e+19
2.94372e+19
1.02569e+19
1.84446e+18
3.16066e+18
2.91025e+18
1.86284e+18
1.04783e+18
6.56023e+17
