# Plot index: 1
# FFT size: 66
# Segment size: 4
1.10375e+19
1.26938e+20
4.09413e+20
5.11614e+20
4.97478e+20
3.05804e+20
5.29257e+19
7.65036e+17
3.93623e+17
4.68927e+17
5.22874e+17
3.14601e+17
2.8376e+17
1.35438e+18
2.36482e+18
2.51502e+18
1.53844e+18
9.33511e+17
5.55362e+17
2.78448e+17
7.33973e+17
1.46747e+18
1.40686e+18
9.80362e+17
1.2848e+18
2.42891e+18
3.91947e+18
3.62156e+18
8.57114e+17
3.33156e+19
6.17226e+19
6.85491e+19
6.05013e+19
1.49532e+19
1.62145e+17
3.75754e+17
7.89256e+17
9.00521e+17
4.27096e+17
3.56427e+17
4.07771e+17
3.89746e+17
5.89671e+17
6.76716e+17
1.20991e+18
1.2265e+18
3.3851e+17
2.91292e+17
1.56475e+18
3.24021e+18
3.45654e+18
3.09108e+18
3.72245e+18
4.46569e+18
1.03694e+19
4.78305e+19
8.35214e+19
8.47027e+19
7.20137e+19
2.51943e+19
3.07352e+18
2.60915e+18
1.64236e+18
1.49671e+18
2.04426e+18
1.63902e+18
