# Plot index: 3
# FFT size: 66
# Segment size: 4
2.0077e+18
2.40238e+18
1.77291e+18
4.59379e+17
1.4977e+17
2.74554e+17
1.33855e+17
1.12571e+17
5.2028e+17
7.18102e+17
7.58975e+17
1.62517e+18
2.23821e+18
3.20458e+18
4.18486e+18
3.68518e+18
2.00138e+18
1.20335e+18
6.14743e+17
3.09163e+16
1.97799e+17
5.00888e+17
5.5136e+17
1.8666e+17
6.16932e+17
1.94291e+18
2.63927e+18
1.20819e+18
4.58059e+17
3.24383e+17
6.51098e+17
1.46085e+18
2.2811e+18
1.71987e+18
1.49088e+18
2.28812e+18
3.90556e+18
5.49367e+18
4.37712e+18
2.59413e+18
6.30673e+17
3.73985e+17
3.40958e+17
4.63045e+17
2.58843e+17
2.15486e+16
8.14007e+15
1.97587e+17
1.14339e+18
1.97294e+18
1.95885e+18
1.59197e+18
1.45245e+18
3.88982e+18
2.52985e+19
6.32978e+19
7.01212e+19
6.9094e+19
3.95345e+19
4.8378e+18
4.9034e+15
1.80964e+17
1.4243e+17
1.44648e+17
8.96871e+17
1.8773e+18
