# Plot index: 3
# FFT size: 66
# Segment size: 4
4.97632e+18
4.97719e+18
4.1218e+18
3.59532e+18
2.66505e+18
1.73714e+18
1.77146e+18
1.73849e+18
2.04264e+18
2.32995e+18
1.74971e+18
1.60591e+18
1.17453e+18
7.7913e+17
6.4817e+17
1.36797e+17
6.65849e+17
1.76754e+18
1.79576e+18
1.29555e+18
7.48738e+17
6.58407e+17
1.62356e+18
2.41097e+18
3.5979e+18
5.9774e+18
5.44812e+18
3.19228e+18
1.92562e+18
7.23307e+17
3.5641e+17
7.74431e+17
3.20084e+19
5.24784e+19
5.46599e+19
4.46641e+19
1.34157e+19
6.37305e+17
1.86167e+17
3.18356e+17
3.90467e+18
1.03547e+18
2.39503e+16
5.69766e+17
1.31496e+18
2.12258e+18
2.55868e+18
2.6604e+18
4.03098e+18
6.14196e+18
7.81596e+18
7.93207e+18
5.54469e+18
9.71921e+17
1.61481e+19
6.04757e+19
7.61199e+19
8.35842e+19
5.16016e+19
1.10785e+19
2.722e+18
1.75506e+18
8.71242e+17
7.50441e+17
1.47712e+18
2.72537e+18
