# Plot index: 1
# FFT size: 66
# Segment size: 4
1.74327e+19
7.20013e+19
3.02752e+20
4.56596e+20
4.13542e+20
3.35776e+20
1.05866e+20
3.42175e+18
6.57981e+17
8.84987e+17
8.81289e+17
9.31327e+17
7.57909e+17
6.21918e+17
3.10273e+17
2.19325e+16
3.30786e+16
1.95536e+17
2.32868e+16
1.01056e+17
1.71741e+17
1.73503e+17
8.99394e+16
2.153e+17
6.90104e+17
1.19931e+18
6.36289e+17
3.27431e+17
1.77455e+18
1.17386e+19
4.69525e+19
6.7234e+19
1.63261e+17
5.43199e+17
3.79333e+17
2.3445e+17
6.79696e+17
1.54737e+18
1.94359e+18
1.7386e+18
1.60908e+18
1.29318e+18
2.24991e+17
9.28623e+16
5.61725e+17
8.9621e+17
5.82089e+17
1.09923e+18
1.50842e+18
1.04298e+18
4.96747e+17
2.7905e+17
4.81977e+17
8.96666e+17
9.68113e+18
5.61864e+19
8.509e+19
8.4358e+19
6.46496e+19
1.64064e+19
8.85492e+17
8.76604e+16
1.00984e+17
5.87275e+17
1.16639e+18
1.11933e+18
