# Plot index: 1
# FFT size: 66
# Segment size: 4
1.22349e+19
8.92647e+18
1.54819e+20
4.35557e+20
4.94634e+20
4.49164e+20
2.03567e+20
1.84346e+19
8.78618e+17
1.48592e+18
1.36879e+18
1.53305e+18
1.89664e+18
3.1534e+18
3.68976e+18
1.64812e+18
1.68163e+17
9.12307e+17
1.83195e+18
1.70021e+18
1.11597e+18
1.00374e+18
1.44759e+18
1.45278e+18
8.84087e+17
1.32193e+18
4.03265e+18
5.0172e+18
3.98416e+18
8.39765e+18
4.84078e+19
9.40281e+19
8.46859e+19
7.62929e+19
4.21906e+19
7.99252e+18
5.89454e+18
7.06116e+18
5.1521e+18
2.81206e+18
1.09398e+18
1.60872e+17
3.87896e+17
4.98343e+16
1.81039e+17
6.97652e+17
1.4295e+18
1.57668e+18
9.27808e+17
1.1075e+18
3.47201e+18
6.23243e+18
7.00907e+18
8.68147e+18
2.81348e+19
8.03408e+19
1.05263e+20
1.04169e+20
8.19559e+19
2.30771e+19
2.03941e+18
4.90995e+17
4.86191e+16
7.56529e+17
2.46531e+18
5.07846e+18
