# Plot index: 1
# FFT size: 66
# Segment size: 4
1.13966e+19
3.02373e+18
5.5879e+19
2.98577e+20
3.92776e+20
3.93242e+20
2.64404e+20
3.90605e+19
2.89657e+17
2.26898e+18
1.6267e+18
2.12594e+17
9.68602e+17
2.93856e+18
2.34655e+18
1.32483e+18
1.01409e+18
2.82005e+18
5.29697e+18
4.98736e+18
3.65288e+18
2.40975e+18
1.50311e+18
6.98617e+17
3.39082e+17
6.14194e+17
2.15605e+18
3.78403e+18
4.64081e+18
6.32043e+18
1.58404e+19
5.35185e+19
8.29901e+19
8.39671e+19
7.4776e+19
2.64912e+19
1.90761e+18
7.84621e+17
1.46288e+18
2.86416e+18
4.33206e+18
6.60874e+18
6.9821e+18
4.37151e+18
1.50579e+18
1.4436e+15
1.20262e+18
1.84122e+18
1.12084e+18
4.78706e+17
5.73794e+17
9.57067e+17
1.20864e+18
2.09537e+18
1.51747e+19
6.43626e+19
9.42088e+19
9.7477e+19
7.84256e+19
2.58137e+19
5.06626e+18
3.33655e+18
3.14641e+18
1.76675e+18
1.7309e+17
5.28085e+16
