# Plot index: 2
# FFT size: 66
# Segment size: 4
4.49368e+18
8.81522e+18
1.2319e+19
1.38286e+19
7.95116e+18
3.60075e+18
4.8931e+18
1.107e+20
5.72924e+20
8.59054e+20
8.79927e+20
6.96026e+20
1.8755e+20
1.0431e+19
2.23574e+18
4.58604e+18
1.2287e+19
1.50191e+19
1.19021e+19
3.8909e+18
1.60507e+19
8.79443e+19
1.17544e+20
1.20691e+20
8.82568e+19
2.07297e+19
1.73769e+18
2.33084e+17
5.82709e+18
2.86068e+19
4.15693e+19
4.42422e+19
1.1557e+17
3.30247e+16
4.88381e+18
4.72572e+19
8.66453e+19
1.01491e+20
9.52232e+19
3.62503e+19
9.68596e+18
3.92461e+19
1.03874e+20
1.21713e+20
1.16809e+20
6.44723e+19
9.65162e+18
1.44906e+18
1.68271e+18
5.70247e+18
1.18025e+19
1.32916e+19
9.84791e+18
1.54871e+18
8.0452e+18
2.71864e+19
3.3099e+19
3.52342e+19
2.17239e+19
6.89057e+18
2.68703e+18
1.76146e+18
3.66611e+18
5.84447e+18
6.19293e+18
4.90142e+18
