# Plot index: 1
# FFT size: 66
# Segment size: 4
1.9622e+17
1.21605e+17
2.25101e+17
1.0897e+18
1.39467e+18
1.38013e+18
1.20044e+18
4.62978e+17
1.82684e+20
1.59139e+19
4.51479e+17
5.41453e+17
8.09731e+17
6.00303e+17
3.2003e+17
4.48661e+17
9.48668e+17
1.57894e+18
1.42995e+18
5.01328e+17
1.62809e+17
6.60665e+17
2.38619e+18
4.52547e+18
7.06836e+18
8.56255e+18
6.18687e+18
3.48092e+18
1.62025e+18
5.62436e+17
6.26202e+17
4.24972e+17
1.49893e+17
2.65992e+18
3.77406e+19
9.02227e+19
1.01847e+20
9.18955e+19
3.86279e+19
3.84556e+18
1.03763e+18
1.83217e+18
1.80956e+18
4.57443e+17
5.39074e+17
3.61447e+17
3.26332e+15
5.70814e+17
2.19868e+18
2.33508e+18
1.56333e+18
1.50891e+18
2.96552e+18
4.98944e+18
2.30039e+19
7.03808e+19
8.78122e+19
9.42316e+19
6.57467e+19
1.32342e+19
3.82179e+17
7.65337e+17
1.50373e+18
1.71141e+18
2.20244e+17
3.05656e+17
