# Plot index: 3
# FFT size: 66
# Segment size: 4
2.80634e+18
3.21741e+18
5.71695e+18
8.64293e+18
1.02757e+19
1.11368e+19
8.07158e+18
3.76798e+18
6.6293e+18
4.31567e+18
2.39535e+18
1.56721e+18
9.24369e+17
8.56437e+17
1.221e+18
1.13948e+18
3.5487e+17
3.7583e+15
7.37829e+16
1.12002e+17
6.7811e+16
5.50634e+17
1.41481e+18
2.4262e+18
3.68564e+18
3.81914e+18
2.69392e+18
1.95775e+18
1.38274e+18
1.64857e+18
2.56093e+18
2.72596e+18
2.62555e+18
2.45112e+18
2.47608e+18
5.32605e+18
6.1854e+18
6.86959e+18
7.47752e+18
5.81647e+18
4.36026e+18
4.01287e+18
3.41369e+18
2.11248e+18
2.05104e+18
2.85538e+18
3.30401e+18
5.39715e+18
7.22937e+18
6.51913e+18
4.72088e+18
2.62683e+18
6.64551e+17
5.16697e+16
8.47622e+18
4.32809e+19
5.72696e+19
6.24905e+19
4.86253e+19
1.13819e+19
1.18948e+18
8.21009e+17
7.63702e+17
3.82701e+17
4.69492e+17
4.78283e+17
