# Plot index: 0
# FFT size: 66
# Segment size: 4
2.79925e+18
3.0347e+18
2.48954e+18
1.88056e+18
1.47466e+18
1.35658e+18
1.61697e+18
1.38051e+18
6.32334e+17
3.1877e+17
3.89729e+17
3.09941e+17
7.63052e+16
2.98725e+17
5.90617e+17
5.77112e+17
9.28601e+17
1.94915e+18
2.67322e+18
2.25003e+18
7.28827e+17
1.58731e+17
2.10246e+17
8.14066e+16
4.47332e+16
2.21569e+17
1.45402e+18
2.69526e+18
2.06951e+18
9.87641e+17
7.19643e+17
5.60854e+17
3.02506e+17
1.1504e+17
3.48512e+17
4.36013e+17
2.30431e+17
3.96233e+17
7.97775e+17
1.09188e+18
7.86711e+17
8.06753e+17
9.63534e+17
1.40281e+18
2.58255e+18
3.38125e+18
2.04782e+18
9.51546e+17
7.80167e+17
1.09529e+18
3.14277e+18
2.95885e+18
1.88256e+18
1.96318e+18
1.65301e+18
2.24206e+18
3.08124e+18
3.17552e+18
2.83625e+18
1.84479e+18
5.65334e+17
2.64745e+16
4.25212e+17
8.99142e+17
1.7273e+18
2.00313e+18
