# Plot index: 2
# FFT size: 66
# Segment size: 4
2.36052e+17
4.07946e+17
3.81969e+17
2.72162e+17
3.13451e+18
8.42216e+19
3.57651e+20
4.68961e+20
7.52528e+20
8.06449e+20
7.49303e+20
3.53391e+20
3.36676e+19
9.7386e+18
1.27546e+19
1.2328e+19
6.30702e+18
1.10178e+18
1.02574e+16
2.03848e+17
3.48428e+18
4.66948e+19
1.25503e+20
1.3517e+20
1.21623e+20
7.71636e+19
4.45584e+19
5.25784e+19
5.63013e+19
5.38415e+19
2.5636e+19
4.77297e+18
5.31552e+18
5.16905e+18
3.82297e+18
1.27059e+18
9.77207e+17
1.45747e+18
1.57811e+18
6.65775e+18
4.93636e+19
1.1732e+20
1.24588e+20
1.12148e+20
4.80036e+19
4.66205e+18
1.48633e+19
1.90687e+19
1.88739e+19
9.18194e+18
1.24439e+18
4.93467e+17
6.2833e+17
6.70775e+17
8.44276e+18
3.06528e+19
3.44721e+19
3.06988e+19
1.9765e+19
9.50219e+18
1.34308e+19
1.81168e+19
1.69331e+19
6.74272e+18
1.42004e+18
6.47602e+18
