# Plot index: 0
# FFT size: 66
# Segment size: 4
1.14814e+18
6.19975e+17
1.46267e+17
3.76096e+17
4.66475e+17
4.70289e+17
1.71848e+17
6.21812e+17
7.4698e+17
3.5134e+17
1.27461e+17
6.89738e+16
7.62695e+17
5.40547e+17
2.73908e+17
5.29e+17
6.453e+17
1.16342e+18
1.4684e+18
1.82565e+18
3.0137e+18
4.12724e+18
4.16601e+18
3.85532e+18
3.08227e+18
2.16681e+18
2.21697e+18
2.30531e+18
1.89139e+18
1.94518e+18
1.52373e+18
1.61025e+18
1.51318e+18
3.80993e+17
4.26188e+17
9.66288e+17
1.39469e+18
1.42657e+18
1.41976e+18
1.49255e+18
1.06734e+18
7.47912e+17
1.42487e+17
4.37547e+17
9.07336e+17
1.1189e+18
1.19859e+18
1.21525e+18
1.18979e+18
1.2028e+18
1.13189e+18
7.94514e+17
8.57027e+17
1.27846e+18
1.25352e+18
1.89717e+18
1.57017e+18
8.02674e+17
2.47458e+17
1.1002e+17
6.18258e+17
1.53103e+18
1.92885e+18
1.23757e+18
3.20381e+17
5.45204e+17
