# Plot index: 2
# FFT size: 66
# Segment size: 4
3.51366e+18
9.06991e+18
1.14934e+19
1.18288e+19
9.65891e+18
3.6851e+18
3.28176e+18
1.08353e+20
5.18328e+20
7.2189e+20
7.27837e+20
5.26829e+20
1.12102e+20
4.22436e+18
4.29456e+18
6.87712e+18
8.17308e+18
7.9389e+18
4.50696e+18
2.73714e+17
1.01275e+19
8.34988e+19
1.51058e+20
1.60633e+20
1.41886e+20
5.2101e+19
5.56069e+18
3.81269e+18
1.92174e+19
3.00972e+19
2.91567e+19
2.2408e+19
4.49266e+18
4.86965e+17
6.11825e+18
1.30614e+19
1.31767e+19
1.00777e+19
4.1559e+18
1.56444e+17
2.0191e+18
3.40089e+19
8.4764e+19
1.01126e+20
1.04456e+20
5.20025e+19
7.15806e+18
8.61895e+17
3.77851e+18
5.6887e+18
6.05199e+18
6.83997e+18
3.53935e+18
4.20972e+18
2.26317e+19
5.85497e+19
6.70016e+19
5.76973e+19
3.19023e+19
4.50825e+18
6.23664e+16
7.43308e+17
3.99907e+18
6.0669e+18
7.82446e+18
6.32101e+18
