# Plot index: 3
# FFT size: 66
# Segment size: 4
3.24275e+18
2.59439e+18
1.27787e+18
5.21584e+17
1.03132e+18
9.44382e+17
1.52457e+17
3.24149e+17
1.52783e+18
2.6556e+18
2.00795e+18
2.18213e+18
3.46557e+18
3.82388e+18
5.14787e+18
4.40397e+18
1.58287e+18
1.34845e+18
2.18943e+18
2.46111e+18
1.44544e+18
8.90082e+17
1.01884e+18
1.67235e+18
2.01924e+18
1.71151e+18
1.03872e+18
6.15979e+17
1.85795e+17
2.41497e+17
1.95225e+18
5.62224e+18
8.08714e+18
7.34742e+18
5.93123e+18
4.64302e+18
7.52196e+18
8.26634e+18
7.52826e+18
8.26993e+18
6.81152e+18
5.93561e+18
5.45222e+18
3.03516e+18
7.75187e+17
1.19559e+17
4.47368e+17
1.13858e+18
1.08043e+18
1.00993e+18
4.32479e+17
8.83398e+17
1.25411e+18
5.92396e+17
9.70274e+18
4.40042e+19
5.75871e+19
5.82505e+19
4.11208e+19
6.19446e+18
1.6513e+17
1.62681e+18
3.28067e+18
2.67008e+18
5.74309e+17
7.27818e+16
