# Plot index: 0
# FFT size: 66
# Segment size: 4
1.44706e+18
5.71874e+17
4.18206e+17
6.84958e+17
2.24966e+18
3.2685e+18
2.03959e+18
1.28708e+18
1.54098e+18
1.92255e+18
2.33489e+18
2.73983e+18
3.00043e+18
1.73522e+18
2.78483e+17
1.4705e+17
4.26749e+17
4.42973e+17
2.14673e+17
1.72941e+16
3.81255e+16
6.86782e+16
2.16239e+16
2.09875e+16
2.61719e+16
2.37956e+17
4.81633e+17
6.32146e+17
4.85822e+17
1.80536e+17
7.22068e+17
1.87678e+18
2.34514e+18
2.41413e+18
2.23651e+18
1.79375e+18
1.70046e+18
1.53052e+18
1.69365e+18
2.55136e+18
2.94247e+18
2.27723e+18
1.19721e+18
4.75213e+17
3.42907e+17
3.24596e+17
5.21209e+17
5.96505e+17
4.29738e+17
2.93944e+17
2.33831e+17
6.51441e+17
1.2274e+18
9.81277e+17
2.99097e+17
2.65767e+17
3.79988e+17
3.91473e+17
4.41528e+17
1.67077e+17
8.29103e+16
2.92305e+17
3.2309e+17
2.45564e+17
4.13417e+17
1.7805e+18
