# Plot index: 2
# FFT size: 66
# Segment size: 4
1.15557e+19
5.73138e+18
2.79394e+18
2.20723e+18
1.25975e+18
1.14177e+18
5.6277e+17
1.10514e+19
2.44537e+20
7.16101e+20
8.5024e+20
8.3829e+20
4.71964e+20
6.94651e+19
2.20616e+18
8.78829e+17
7.77616e+17
1.29041e+18
1.96669e+18
1.40456e+19
7.6358e+19
1.41114e+20
1.40084e+20
1.13305e+20
4.029e+19
1.43627e+18
7.36287e+17
1.8452e+18
2.24272e+18
2.06809e+18
6.6767e+18
2.71639e+19
4.79424e+19
5.67539e+19
4.89822e+19
2.1739e+19
6.56316e+18
4.0766e+18
2.59036e+18
1.69779e+18
8.60699e+17
1.04007e+18
2.20489e+19
8.86992e+19
1.17524e+20
1.24704e+20
8.82237e+19
1.93502e+19
1.12765e+18
1.51567e+17
1.1196e+17
5.51632e+16
3.63014e+17
5.65413e+18
2.53069e+19
4.97251e+19
5.55051e+19
4.40042e+19
1.77692e+19
2.53746e+18
5.7142e+17
3.96033e+17
7.3754e+17
1.75934e+18
5.18098e+18
1.32639e+19
