# Plot index: 1
# FFT size: 66
# Segment size: 4
1.87168e+18
4.25772e+18
3.89593e+18
2.62777e+18
1.3159e+20
3.93661e+20
4.56367e+20
4.38309e+20
2.10948e+20
1.74921e+19
6.5566e+17
6.12945e+17
4.87894e+16
5.86896e+17
2.32382e+18
3.2926e+18
3.76048e+18
3.55741e+18
1.91221e+18
3.83284e+17
3.39246e+16
9.36556e+17
2.09241e+18
2.41237e+18
2.31699e+18
1.57158e+18
9.12894e+17
1.11803e+18
1.22648e+18
9.32161e+17
1.23754e+18
1.48695e+18
1.08981e+18
1.97916e+18
2.77274e+19
8.11269e+19
1.01217e+20
1.03369e+20
6.19978e+19
1.14953e+19
1.66181e+18
1.49475e+18
1.29931e+18
3.39289e+17
5.6092e+17
1.56441e+18
1.38124e+18
7.33915e+17
3.9103e+16
1.50643e+18
2.45849e+18
2.7113e+18
1.95465e+18
4.86988e+18
3.35314e+19
6.90543e+19
7.22472e+19
7.30781e+19
3.53211e+19
3.9319e+18
6.79245e+17
1.01361e+18
1.29158e+18
1.71343e+18
2.12857e+18
1.952e+18
