# Plot index: 1
# FFT size: 66
# Segment size: 4
3.27016e+18
4.26368e+18
3.67596e+18
1.15685e+18
4.63791e+19
2.98472e+20
4.97109e+20
5.2606e+20
4.37084e+20
1.40396e+20
1.32527e+19
3.36718e+18
4.52758e+18
5.55123e+18
4.93937e+18
2.4402e+18
6.24017e+17
1.68956e+17
7.05363e+16
2.92111e+17
3.26919e+17
3.03434e+17
5.87093e+17
1.61549e+18
3.21719e+18
2.85361e+18
1.65264e+18
6.44804e+17
8.89004e+16
5.26574e+17
9.44377e+17
1.34692e+18
1.4661e+18
1.21393e+18
8.48859e+17
2.16064e+19
8.83933e+19
1.22037e+20
1.30094e+20
9.07953e+19
2.15532e+19
3.79138e+18
4.48311e+18
5.37726e+18
4.5572e+18
2.82402e+18
6.98631e+17
2.13332e+16
7.89373e+17
1.78539e+18
1.69444e+18
1.17707e+18
1.40751e+18
5.92051e+18
3.79656e+19
8.0293e+19
8.25904e+19
7.28947e+19
3.0303e+19
1.62319e+18
1.52146e+17
1.29833e+17
3.10362e+17
3.48303e+17
3.66682e+17
5.89793e+17
