# Plot index: 1
# FFT size: 66
# Segment size: 4
7.67018e+18
2.52859e+18
1.06714e+19
1.18111e+20
4.02293e+20
5.21023e+20
5.13758e+20
3.46342e+20
7.03223e+19
1.40647e+18
2.11736e+18
3.70621e+18
2.94856e+18
1.60978e+18
3.35365e+17
7.96751e+17
1.12132e+18
2.08495e+18
2.74262e+18
1.74185e+18
1.49531e+18
1.49778e+18
9.98405e+17
9.21279e+17
8.44052e+17
9.43524e+17
2.28381e+18
1.49811e+18
6.28747e+17
2.30533e+17
9.82082e+17
1.64697e+18
8.26748e+18
4.39657e+19
7.70489e+19
8.19422e+19
7.83898e+19
3.12546e+19
2.52002e+18
5.1157e+17
1.8876e+18
3.44869e+18
2.423e+18
1.2316e+18
1.14374e+18
3.01811e+18
7.45561e+18
1.03554e+19
9.93957e+18
9.46733e+18
7.86035e+18
4.66278e+18
2.24879e+18
2.98244e+17
1.45976e+19
7.43747e+19
1.02442e+20
9.98319e+19
6.1778e+19
1.1558e+19
1.37199e+18
1.51055e+18
1.73927e+18
1.80835e+18
1.07704e+18
4.00513e+17
