# Plot index: 2
# FFT size: 66
# Segment size: 4
4.20894e+18
4.00481e+18
2.76942e+18
1.65168e+18
6.06294e+17
7.05822e+17
1.8579e+18
5.64733e+18
9.35291e+18
8.87074e+18
8.8372e+18
5.96778e+18
1.93659e+18
1.72827e+18
2.73731e+18
2.6881e+18
1.86142e+18
8.58654e+17
1.53626e+17
1.85136e+16
3.36724e+16
7.67047e+16
2.20692e+17
2.23681e+17
3.93512e+17
4.27225e+17
2.05281e+17
5.20425e+16
1.66871e+17
1.75659e+17
1.02789e+17
4.9481e+17
1.36631e+18
2.38396e+18
2.34833e+18
1.98886e+18
1.94292e+18
3.46565e+18
8.02772e+18
8.60069e+18
8.00618e+18
5.6772e+18
1.81409e+18
5.66514e+17
3.03817e+17
7.72263e+17
1.49426e+18
1.31943e+18
6.37024e+17
5.28163e+16
8.52269e+17
2.55577e+18
3.15067e+18
6.41064e+17
2.04569e+19
6.79509e+19
8.75345e+19
9.23254e+19
4.8745e+19
8.14679e+18
1.05942e+18
4.59802e+17
4.6511e+17
3.66052e+17
6.78933e+17
1.01612e+18
