# Plot index: 2
# FFT size: 66
# Segment size: 4
7.12434e+18
7.16913e+18
6.16401e+18
2.94454e+18
1.82841e+17
7.25016e+17
3.84501e+18
8.15438e+19
4.68964e+20
7.41396e+20
7.22906e+20
5.83461e+20
1.75104e+20
1.36732e+19
1.01889e+19
9.72957e+18
3.19784e+18
2.9919e+17
7.31765e+17
2.96441e+18
3.93405e+19
1.27158e+20
1.4734e+20
1.31187e+20
6.94975e+19
8.93066e+18
8.8951e+18
9.93274e+18
8.77208e+18
2.2569e+19
4.05046e+19
4.01823e+19
3.17107e+19
1.19985e+19
4.89402e+18
5.03968e+18
4.21357e+18
5.38087e+17
9.54665e+17
2.99036e+18
6.51209e+18
3.57365e+19
1.03976e+20
1.18944e+20
1.06152e+20
7.33337e+19
2.3068e+19
1.09451e+19
1.05373e+19
6.4846e+18
1.1398e+18
2.22239e+18
4.6787e+18
8.30793e+18
2.84233e+19
5.72698e+19
5.8004e+19
4.93017e+19
1.76571e+19
2.91496e+18
7.14962e+18
7.22861e+18
4.79056e+18
6.90994e+18
9.22899e+18
8.11399e+18
