# Plot index: 2
# FFT size: 66
# Segment size: 4
3.76996e+18
8.65194e+18
9.75393e+18
7.83214e+18
2.96067e+18
7.59853e+17
6.90328e+17
2.33846e+17
5.49438e+18
1.85057e+20
6.55924e+20
8.29971e+20
8.45415e+20
5.34845e+20
9.83446e+19
4.75849e+18
1.39127e+18
1.17115e+18
3.62297e+18
4.66726e+19
9.11916e+19
9.24704e+19
8.43041e+19
2.96321e+19
1.19878e+18
1.00271e+17
2.22964e+18
5.29228e+18
7.13759e+18
8.44472e+18
6.19724e+18
4.14597e+18
2.92697e+18
5.74604e+17
2.26123e+17
1.09942e+19
3.34773e+19
4.4827e+19
4.78669e+19
2.42116e+19
3.74482e+18
1.1062e+17
7.07689e+17
1.26758e+18
2.06021e+19
1.02753e+20
1.61246e+20
1.72218e+20
1.36232e+20
4.50388e+19
7.24313e+18
1.52765e+18
1.76705e+18
1.32332e+18
6.57018e+18
2.14337e+19
2.62291e+19
2.89593e+19
1.78293e+19
2.66667e+18
1.81779e+17
2.7072e+18
6.97684e+18
9.34793e+18
8.56758e+18
4.43614e+18
