# Plot index: 2
# FFT size: 66
# Segment size: 4
8.7247e+18
1.33435e+19
1.2164e+19
4.36328e+18
1.61276e+18
1.12848e+18
1.07725e+18
2.2485e+18
5.42638e+19
4.36263e+20
8.47645e+20
8.75415e+20
7.86048e+20
3.15871e+20
3.13839e+19
6.60116e+18
5.65497e+18
2.81942e+18
1.00059e+18
1.87882e+19
9.01206e+19
1.19606e+20
1.02796e+20
6.45646e+19
1.69366e+19
1.60531e+19
1.85374e+19
9.63177e+18
3.65566e+18
3.39235e+18
7.06542e+18
1.00027e+19
9.28885e+18
1.43399e+19
2.89512e+19
3.51437e+19
3.87685e+19
2.24944e+19
3.92309e+18
1.94819e+18
1.77315e+18
8.74585e+17
7.20563e+17
1.03707e+19
6.79741e+19
1.19132e+20
1.23383e+20
1.20509e+20
5.65216e+19
1.28096e+19
5.94605e+18
1.41104e+18
1.48219e+17
2.51062e+18
1.56127e+19
3.55863e+19
3.60394e+19
2.8257e+19
1.59471e+19
7.77284e+18
1.20269e+19
1.20584e+19
5.34783e+18
1.68738e+18
6.18196e+17
1.26889e+18
