# Plot index: 3
# FFT size: 66
# Segment size: 4
7.36683e+16
8.06633e+17
1.56314e+18
1.02684e+18
5.33723e+17
1.4479e+17
3.61636e+17
4.85462e+17
4.40724e+17
1.16976e+18
1.94651e+18
2.64869e+18
3.20189e+18
2.83402e+18
2.46553e+18
2.30153e+18
2.31556e+18
2.35095e+18
2.71733e+18
1.88701e+18
6.1527e+17
2.07853e+17
3.70352e+17
1.50704e+18
2.2474e+18
1.44284e+18
4.73997e+17
3.80053e+16
7.07364e+17
2.0991e+18
2.9354e+18
2.49851e+18
2.51567e+18
3.61448e+18
6.9168e+18
8.69636e+18
6.17211e+18
4.64056e+18
3.34149e+18
4.29711e+18
5.97678e+18
6.14055e+18
4.39377e+18
2.21574e+18
5.04701e+17
3.95171e+16
5.24678e+17
9.76354e+17
2.16715e+18
3.22582e+18
3.42997e+18
3.16484e+18
1.3156e+18
3.51938e+16
5.76293e+18
3.2525e+19
4.53294e+19
5.13511e+19
4.52995e+19
1.46747e+19
3.31023e+18
1.68007e+18
1.2217e+18
1.57468e+18
2.014e+18
1.5795e+18
