# Plot index: 3
# FFT size: 66
# Segment size: 4
5.04354e+16
8.57585e+17
1.2595e+18
1.40842e+18
1.04837e+18
3.6142e+17
1.1597e+17
9.16286e+16
2.10147e+16
1.16198e+17
8.32005e+17
1.61434e+18
2.01474e+18
2.91996e+18
3.33561e+18
3.06435e+18
1.92449e+18
1.07727e+18
9.1705e+17
8.67455e+17
5.63967e+17
7.30105e+17
1.91189e+18
3.01596e+18
2.36629e+18
1.57194e+18
2.14865e+18
3.59669e+18
3.23677e+18
1.08452e+18
2.09022e+17
6.45046e+16
1.05801e+17
3.95098e+17
4.38308e+17
1.11816e+18
4.65733e+18
7.37176e+18
6.36898e+18
2.06873e+18
1.94081e+17
7.29869e+17
5.81223e+17
1.24816e+17
1.049e+18
1.9753e+18
2.22071e+18
2.3676e+18
2.04986e+18
1.40253e+18
7.82318e+17
1.07201e+17
6.35465e+16
7.54392e+16
1.15e+19
4.75646e+19
5.83496e+19
5.6815e+19
3.46663e+19
3.9056e+18
2.14433e+17
9.00914e+17
1.53914e+18
1.13818e+18
8.99031e+17
1.06424e+18
