# Plot index: 1
# FFT size: 66
# Segment size: 4
2.4801e+18
3.61446e+18
5.61598e+18
7.43482e+18
2.60769e+19
2.04728e+20
4.83473e+20
5.27272e+20
4.81967e+20
2.25644e+20
2.00829e+19
5.87122e+18
7.21663e+18
4.23223e+18
8.87016e+17
1.82615e+17
1.59216e+17
2.67731e+17
4.96251e+17
9.37643e+17
2.2391e+18
2.48344e+18
2.75295e+18
4.85283e+18
5.20762e+18
3.39889e+18
2.64085e+18
1.81411e+18
1.1211e+18
9.99699e+17
8.22372e+17
3.96815e+17
1.14586e+18
2.19047e+18
2.41736e+18
5.3514e+18
3.9421e+19
9.83762e+19
1.02963e+20
8.8373e+19
3.64346e+19
9.90034e+17
8.28809e+18
8.65587e+18
4.16399e+18
6.43596e+17
1.67298e+17
3.243e+17
6.75299e+17
1.31351e+18
3.03046e+18
6.31909e+18
7.34446e+18
1.32103e+19
5.526e+19
1.02839e+20
1.07461e+20
9.92018e+19
5.04442e+19
1.42867e+19
8.13604e+18
6.88635e+18
3.19209e+18
3.99151e+17
1.16736e+17
3.88265e+17
