# Plot index: 3
# FFT size: 66
# Segment size: 4
5.16416e+18
2.03293e+18
1.35622e+19
1.62858e+20
3.30896e+20
3.51454e+20
3.4281e+20
1.49751e+20
1.31129e+18
2.20031e+18
2.59885e+18
4.39367e+18
6.69402e+18
5.83714e+18
4.69274e+18
4.19269e+18
2.12175e+18
9.8219e+17
6.20688e+17
2.29351e+17
1.09334e+17
3.49167e+17
7.59547e+17
1.72892e+18
2.50445e+18
2.2143e+18
2.52159e+18
2.25437e+18
9.93352e+17
5.7296e+17
8.07357e+17
1.80136e+18
1.33793e+18
1.26177e+18
8.38718e+17
1.08208e+18
3.44272e+18
5.80594e+18
8.50822e+18
9.13067e+18
4.7843e+18
1.40649e+18
6.986e+17
3.92489e+17
7.34179e+17
1.17552e+18
9.40431e+17
4.70559e+17
1.99584e+17
3.8409e+16
6.33022e+16
1.47551e+17
2.55017e+17
7.70123e+17
1.27653e+19
4.89701e+19
6.71302e+19
7.1694e+19
5.02008e+19
1.29071e+19
1.12527e+18
3.56022e+17
7.0599e+17
4.85744e+17
3.60271e+17
5.83756e+17
