# Plot index: 0
# FFT size: 66
# Segment size: 4
1.67721e+18
2.29666e+18
2.92248e+18
3.80294e+18
3.79288e+18
1.70909e+18
2.1297e+17
3.36596e+17
9.2927e+17
2.30677e+17
4.65195e+17
1.94336e+18
2.903e+18
3.21422e+18
2.38065e+18
1.20214e+18
7.4384e+17
7.13287e+17
4.78578e+17
4.57112e+16
2.0176e+17
2.33824e+17
8.3163e+16
1.86994e+17
2.52198e+17
1.38822e+17
1.36401e+17
2.49567e+17
5.80862e+17
1.23802e+18
1.23878e+18
1.30539e+18
1.77973e+18
2.34308e+18
2.16612e+18
1.6555e+18
1.08776e+18
2.39448e+17
9.47562e+16
4.63275e+17
3.4273e+17
9.40363e+17
2.76018e+18
3.81332e+18
2.9063e+18
1.92678e+18
1.20823e+18
5.71581e+17
1.48387e+17
8.26997e+15
3.84447e+17
1.35723e+18
2.15054e+18
1.0991e+18
5.45716e+15
7.77108e+17
2.23605e+18
2.67122e+18
1.83365e+18
1.1776e+18
7.0637e+17
1.32978e+17
8.53936e+14
4.32119e+16
1.95486e+17
4.63072e+17
