# Plot index: 2
# FFT size: 66
# Segment size: 4
4.81234e+18
5.26438e+18
3.88963e+18
2.96566e+18
1.73327e+18
1.86737e+18
1.83252e+18
1.00797e+20
5.68863e+20
8.72754e+20
8.79384e+20
6.79739e+20
1.85904e+20
1.04755e+19
7.89433e+17
2.31817e+18
5.73464e+18
6.44063e+18
5.9994e+18
6.56373e+18
2.36963e+19
8.53735e+19
1.21688e+20
1.19485e+20
9.28985e+19
2.34451e+19
2.45812e+17
1.93911e+18
1.52146e+19
3.83492e+19
3.98607e+19
3.52466e+19
2.14888e+19
6.42054e+18
5.29867e+18
8.10374e+18
7.07448e+18
4.81481e+18
1.49022e+18
5.54764e+17
1.61808e+18
3.02458e+19
9.2627e+19
1.01747e+20
9.66449e+19
5.55586e+19
9.17587e+18
2.5732e+18
5.30222e+18
1.01042e+19
1.17268e+19
8.04433e+18
6.18719e+18
5.04668e+18
1.14763e+19
2.88848e+19
3.54957e+19
3.50148e+19
2.16824e+19
4.50742e+18
1.20684e+18
3.33931e+18
8.04499e+18
7.31362e+18
3.77059e+18
1.90804e+18
