# Plot index: 3
# FFT size: 66
# Segment size: 4
6.85528e+17
2.48286e+16
9.98654e+16
6.9792e+16
8.29877e+16
4.36275e+16
2.69188e+17
1.62182e+18
2.87016e+18
3.20753e+18
2.00809e+18
6.94784e+17
1.56378e+17
8.45266e+15
5.91771e+17
2.52073e+18
3.24976e+18
2.51184e+18
1.78684e+18
5.00319e+17
2.12865e+17
9.20016e+17
1.07951e+18
9.69205e+17
9.99492e+17
6.19165e+17
2.54663e+17
1.83386e+17
3.0756e+17
1.08641e+18
1.84621e+18
1.75295e+18
1.76977e+18
7.90183e+17
4.05207e+17
2.3446e+18
3.00784e+18
3.55401e+18
3.95995e+18
2.73821e+18
1.22977e+18
3.38293e+17
1.22564e+17
2.41368e+18
6.40956e+18
6.43229e+18
3.08375e+18
7.78181e+17
6.67185e+17
2.84038e+17
5.74007e+15
4.39835e+17
1.07346e+18
1.79454e+18
7.48173e+18
3.55811e+19
5.89749e+19
5.29515e+19
4.67477e+19
2.07586e+19
2.88505e+18
9.2933e+17
8.76935e+17
6.61461e+17
4.77652e+17
2.27287e+17
