# Plot index: 1
# FFT size: 66
# Segment size: 4
5.00708e+18
7.43571e+17
1.96802e+19
1.99811e+20
3.87516e+20
4.08124e+20
3.75306e+20
1.51339e+20
1.55668e+19
1.22311e+18
2.44236e+17
4.57238e+17
1.21569e+18
9.21288e+17
3.03437e+17
5.29983e+17
8.3877e+17
1.34549e+18
1.57482e+18
1.55127e+18
1.88786e+18
1.76786e+18
1.16186e+18
6.35154e+17
1.31409e+17
4.79449e+17
4.25189e+18
6.73197e+18
5.3791e+18
3.91783e+18
1.57337e+18
6.84275e+18
4.37944e+19
7.73994e+19
8.40354e+19
7.51466e+19
2.82938e+19
5.1707e+18
2.38082e+18
8.26769e+17
1.678e+16
8.70605e+17
1.64962e+18
7.3735e+17
3.40622e+17
1.42939e+18
4.48465e+18
7.60175e+18
8.51646e+18
8.79733e+18
7.39953e+18
4.60164e+18
2.00814e+18
1.32032e+18
1.36808e+19
6.7853e+19
9.74469e+19
9.6181e+19
7.31445e+19
1.72743e+19
1.31742e+18
1.16532e+18
1.04496e+18
1.38543e+18
2.47683e+18
1.39967e+18
