# Plot index: 1
# FFT size: 66
# Segment size: 4
9.80215e+18
9.78939e+19
3.37825e+20
4.16274e+20
4.14894e+20
2.91143e+20
6.73725e+19
6.86488e+18
2.00142e+18
8.28299e+17
2.40174e+17
7.86756e+16
5.71738e+16
4.5088e+15
6.04203e+17
1.99409e+18
2.92934e+18
2.63453e+18
1.57662e+18
9.60017e+17
7.28123e+17
5.28795e+17
6.88793e+17
9.49768e+17
5.53928e+17
4.901e+17
4.81092e+17
7.24696e+17
6.85849e+18
4.50444e+19
8.38475e+19
8.9503e+19
8.02238e+19
3.50292e+19
7.01775e+18
2.11601e+18
1.30261e+18
1.39696e+18
1.30824e+18
1.50291e+18
2.19389e+18
1.95953e+18
1.27905e+18
1.08295e+18
7.05215e+17
3.13522e+17
3.75842e+17
8.28578e+17
1.24114e+18
1.24062e+18
5.04697e+17
3.47893e+17
4.69989e+17
1.22494e+17
9.60165e+18
6.15422e+19
9.4555e+19
9.88146e+19
7.21532e+19
1.54856e+19
1.48347e+18
2.79155e+18
2.22745e+18
1.48322e+18
1.19065e+18
1.96325e+18
