# Plot index: 3
# FFT size: 66
# Segment size: 4
7.05175e+17
4.0652e+17
1.58883e+17
1.19348e+18
3.30198e+18
3.13216e+18
1.86801e+18
4.50142e+17
8.253e+16
8.2642e+17
1.16834e+18
9.02619e+17
1.90735e+17
3.41786e+17
1.95534e+18
3.75433e+18
3.81212e+18
3.33599e+18
3.44343e+18
4.34537e+18
5.92522e+18
8.08331e+18
7.68397e+18
3.91819e+18
2.07604e+18
3.29379e+18
5.42715e+18
6.20292e+18
3.53863e+18
9.36997e+17
1.3133e+17
1.58861e+17
3.56969e+17
7.73795e+17
1.29943e+18
1.76072e+18
1.65786e+18
1.74053e+18
3.08452e+18
3.91634e+18
3.78961e+18
1.45499e+18
7.05138e+16
1.89748e+18
4.25191e+18
4.98211e+18
2.81692e+18
1.44342e+18
6.89716e+17
3.02054e+17
5.82243e+17
1.66602e+18
3.0789e+18
8.68889e+17
1.34379e+19
5.5652e+19
7.57593e+19
8.73112e+19
5.23124e+19
1.0424e+19
2.26412e+18
1.96191e+18
1.66279e+18
1.27449e+18
1.257e+18
4.20809e+17
