# Plot index: 3
# FFT size: 66
# Segment size: 4
3.25631e+18
1.24317e+18
6.73833e+17
6.89886e+17
8.42591e+17
1.44747e+18
2.41181e+18
5.63891e+18
1.0516e+19
1.41555e+19
1.36287e+19
9.70043e+18
5.837e+18
3.29111e+18
1.03538e+18
3.76182e+17
5.08309e+17
5.65081e+17
4.88905e+17
2.6571e+16
2.76703e+17
5.07399e+17
2.98224e+17
1.43404e+16
2.75266e+17
7.48896e+17
1.23946e+18
1.49082e+18
5.78644e+17
4.41006e+16
2.91676e+17
1.10168e+18
5.04075e+17
4.84458e+17
2.67882e+18
5.56204e+18
5.67705e+18
5.90571e+18
3.20647e+18
5.59154e+17
3.87347e+18
6.54016e+18
1.05096e+19
1.13512e+19
9.39693e+18
5.68281e+18
2.17417e+18
2.4232e+18
4.38545e+18
4.48142e+18
3.19387e+18
1.12281e+18
1.7539e+16
3.95615e+17
7.75126e+17
2.19957e+19
4.57763e+19
4.83679e+19
4.72147e+19
1.67837e+19
4.13321e+17
6.20716e+17
1.20044e+18
1.37642e+18
1.36112e+18
7.56603e+17
