# Plot index: 0
# FFT size: 66
# Segment size: 4
8.36305e+17
7.31197e+17
4.14615e+17
1.67039e+17
1.17311e+18
2.93345e+18
3.14598e+18
1.87255e+18
9.24439e+17
1.02089e+18
1.58712e+18
1.70942e+18
1.24571e+18
3.89145e+17
1.16603e+17
1.01586e+17
1.13947e+16
5.70803e+16
1.91084e+17
5.34366e+17
3.20221e+17
4.2319e+16
4.37313e+15
3.29726e+16
5.14832e+16
2.84001e+14
1.15261e+17
1.36481e+17
2.14289e+17
7.0142e+17
1.06232e+18
1.56521e+18
2.05404e+18
2.3334e+18
2.09396e+18
1.66513e+18
2.17252e+18
3.14978e+18
2.80001e+18
1.06847e+18
2.71692e+17
4.97985e+17
3.49285e+17
1.21518e+17
3.05415e+16
1.67859e+17
5.18635e+17
7.51487e+17
6.20152e+17
2.89415e+17
4.77428e+17
1.74485e+18
3.0511e+18
1.89516e+18
3.52453e+17
2.37897e+17
1.06139e+18
1.29643e+18
3.10023e+17
4.19294e+17
1.35819e+18
1.8637e+18
2.3702e+18
2.48518e+18
1.57862e+18
1.51506e+18
