# Plot index: 2
# FFT size: 66
# Segment size: 4
1.45634e+16
3.63477e+17
1.10491e+18
9.30091e+17
1.38386e+17
2.37585e+17
1.13677e+18
1.63702e+18
4.43675e+20
7.63768e+20
7.9512e+20
6.92317e+20
2.27793e+20
1.34274e+19
2.02156e+17
4.17638e+17
3.86798e+18
1.00584e+19
1.15506e+19
3.96747e+18
1.41065e+19
8.49172e+19
1.21886e+20
1.24217e+20
7.55329e+19
1.37298e+19
9.07212e+17
7.47786e+17
3.32893e+18
1.8534e+19
3.7516e+19
3.95991e+19
3.32987e+19
1.00737e+19
3.55114e+17
2.79021e+18
3.5823e+18
1.65602e+18
4.83014e+17
1.08049e+18
4.05181e+18
3.21346e+19
1.04699e+20
1.30595e+20
1.28592e+20
9.46825e+19
2.31618e+19
1.90803e+18
4.96756e+17
7.76702e+17
5.15583e+18
1.16053e+19
1.25253e+19
7.06746e+18
4.6775e+18
2.54536e+19
4.27101e+19
4.65159e+19
2.45828e+19
3.93533e+18
4.31465e+17
1.88759e+18
6.01339e+18
1.18692e+19
1.16486e+19
8.4376e+18
