# Plot index: 3
# FFT size: 66
# Segment size: 4
7.89256e+17
1.90319e+18
2.64975e+18
2.06443e+18
1.41725e+18
7.67159e+17
7.01837e+17
7.38872e+17
4.06351e+17
1.37728e+18
1.48458e+18
1.38048e+18
2.56889e+18
2.7514e+18
2.10386e+18
2.04139e+18
9.69881e+17
3.51814e+18
5.20872e+18
3.95941e+18
3.98516e+18
4.54474e+18
5.03088e+18
5.39291e+18
6.28213e+18
6.00454e+18
5.98007e+18
8.20125e+18
9.8536e+18
8.09459e+18
4.9475e+18
1.34634e+18
6.19797e+17
1.24851e+18
1.66943e+18
5.15426e+17
8.68853e+17
2.87159e+18
4.0083e+18
4.77125e+18
3.22419e+18
1.85295e+18
1.95256e+18
1.38268e+18
6.34012e+17
6.05421e+17
9.18405e+17
1.72979e+18
1.7925e+18
1.32072e+18
1.44464e+18
1.67048e+18
1.04937e+18
6.14248e+17
4.99447e+18
3.2214e+19
5.54039e+19
6.20251e+19
5.73907e+19
2.13926e+19
2.75592e+18
7.45115e+17
3.73209e+17
4.49841e+17
6.77634e+17
4.57958e+17
