# Plot index: 0
# FFT size: 66
# Segment size: 4
9.48591e+17
5.14035e+17
2.4734e+17
5.26158e+17
1.17503e+18
1.51749e+18
1.1275e+18
7.63663e+17
4.48221e+17
2.15319e+17
3.16216e+17
1.92905e+17
2.25085e+17
2.33797e+17
1.80164e+17
7.47655e+16
7.30605e+16
1.54965e+17
1.07839e+17
9.73642e+16
7.89846e+17
1.33754e+18
1.09016e+18
1.28804e+17
8.34296e+17
2.16668e+18
2.13773e+18
1.23169e+18
1.79365e+17
6.25065e+16
4.75974e+16
6.59101e+16
1.20504e+16
7.24625e+16
3.35664e+16
4.13859e+16
1.96095e+17
2.64237e+17
1.34546e+17
3.7956e+17
9.16072e+17
2.04212e+18
2.43135e+18
1.63156e+18
8.56146e+17
6.4367e+17
1.0162e+18
1.51187e+18
2.26827e+18
2.51774e+18
2.32718e+18
1.51619e+18
4.39816e+17
8.33555e+17
3.01532e+18
6.14169e+18
7.6167e+18
9.30133e+18
9.07768e+18
6.63126e+18
5.2951e+18
3.50604e+18
1.61191e+18
1.06292e+18
7.79533e+17
5.54447e+17
