# Plot index: 0
# FFT size: 66
# Segment size: 4
8.13013e+17
4.29983e+17
3.73253e+17
5.45062e+17
8.41055e+17
1.45344e+18
1.61669e+18
1.33685e+18
1.45542e+18
1.92409e+18
1.99656e+18
1.9973e+18
1.03565e+18
3.86814e+17
7.80628e+17
1.69148e+18
3.25386e+18
3.09784e+18
9.17871e+17
4.29146e+16
1.75194e+17
7.80095e+17
9.77801e+17
3.09802e+17
3.01555e+16
3.75562e+17
3.42835e+17
2.5034e+17
4.95536e+17
1.28295e+18
2.85631e+18
2.61467e+18
1.06768e+18
3.3264e+17
2.48784e+17
1.11941e+18
1.92493e+18
1.65794e+18
1.6587e+18
1.43127e+18
1.29049e+18
1.36283e+18
1.04746e+18
4.43514e+17
2.65441e+17
2.27867e+17
3.44489e+17
6.81926e+17
7.16418e+17
8.28706e+17
1.06198e+18
9.51487e+17
9.56475e+17
1.15678e+18
1.2138e+18
1.99658e+18
2.77486e+18
2.47173e+18
1.28861e+18
3.53392e+17
3.32607e+17
4.2886e+17
5.08531e+17
8.92613e+17
9.65146e+17
3.81824e+17
