# Plot index: 0
# FFT size: 66
# Segment size: 4
4.68436e+17
5.66651e+17
6.96337e+17
9.40864e+17
8.79141e+17
6.51104e+17
2.42806e+17
7.76697e+17
2.04094e+18
2.09381e+18
1.12554e+18
6.73932e+17
1.26543e+18
2.22607e+18
2.46162e+18
1.98052e+18
1.55401e+18
1.71103e+18
1.88832e+18
1.8698e+18
1.20222e+18
4.39993e+17
1.02755e+18
2.02495e+18
1.59996e+18
1.24027e+18
1.79237e+18
2.77193e+18
3.60849e+18
3.69185e+18
2.78248e+18
1.18838e+18
5.81209e+17
1.10387e+18
1.89496e+18
1.63654e+18
5.90613e+17
1.81169e+17
1.97494e+17
2.22715e+17
3.01581e+17
5.73301e+17
7.18274e+17
7.53954e+17
7.75069e+17
4.20565e+17
2.5784e+17
3.49033e+17
4.58144e+17
8.76034e+17
8.75872e+17
1.00663e+18
1.02279e+18
1.18339e+18
9.09829e+17
1.06783e+17
3.99544e+17
9.13719e+17
1.43791e+18
8.70955e+17
7.84888e+17
1.29367e+18
1.25678e+18
1.45129e+18
3.15559e+18
7.43936e+18
