# Plot index: 0
# FFT size: 66
# Segment size: 4
7.40769e+18
5.038e+18
3.27204e+18
1.47856e+18
3.24295e+17
8.49169e+16
1.82768e+17
6.23057e+17
2.13449e+18
4.53839e+18
6.56715e+18
8.603e+18
9.88957e+18
8.20161e+18
5.64374e+18
3.90324e+18
2.50139e+18
1.2285e+18
5.7496e+17
2.59192e+17
3.18194e+17
4.33327e+17
3.00045e+17
8.22526e+16
8.79088e+16
4.23049e+15
2.25656e+17
3.47301e+17
3.81573e+17
1.19848e+18
2.42134e+18
4.39566e+18
7.98385e+18
9.96874e+18
8.44582e+18
6.38949e+18
3.81809e+18
1.52375e+18
4.62652e+17
2.2663e+17
1.14344e+17
1.36253e+17
5.41274e+17
1.44126e+18
2.58517e+18
4.23749e+18
4.11548e+18
2.08437e+18
1.40821e+18
1.59327e+18
1.60529e+18
1.92677e+18
1.80995e+18
1.62691e+18
1.88118e+18
2.75902e+18
4.28672e+18
5.62532e+18
5.58374e+18
3.50422e+18
1.63435e+18
9.95075e+17
6.34055e+17
1.95385e+17
5.75577e+17
1.5969e+18
