# Plot index: 1
# FFT size: 66
# Segment size: 4
7.5011e+18
2.09939e+19
1.44108e+20
3.34374e+20
3.50692e+20
3.27367e+20
1.65374e+20
1.5383e+19
2.693e+18
4.48224e+18
6.28981e+18
7.7635e+18
6.48384e+18
3.57235e+18
1.34209e+18
9.24441e+15
8.36151e+17
1.35373e+18
1.65393e+18
1.28892e+18
6.79833e+17
7.62627e+17
1.34536e+18
2.59666e+18
4.01399e+18
3.64201e+18
2.35809e+18
4.33743e+18
5.80643e+18
6.04397e+18
1.88713e+19
5.76976e+19
6.36551e+19
4.93436e+19
2.14172e+19
2.49461e+18
6.37459e+18
6.56515e+18
4.84356e+18
2.71343e+18
7.36036e+17
1.14507e+17
4.68214e+17
1.02102e+18
1.62707e+18
1.99106e+18
1.45902e+18
9.18051e+17
1.27824e+18
1.09017e+18
8.75629e+17
1.63673e+18
2.66114e+18
2.56222e+18
1.60249e+19
7.75317e+19
1.131e+20
1.01789e+20
7.42036e+19
2.1679e+19
1.58138e+18
1.0235e+18
3.16846e+18
2.80689e+18
1.4031e+18
2.13754e+17
