# Plot index: 0
# FFT size: 66
# Segment size: 4
7.88023e+17
2.47827e+18
3.4657e+18
2.49401e+18
1.11352e+18
5.1564e+17
2.10177e+17
2.85697e+17
1.40059e+17
9.69863e+17
1.4992e+18
4.82928e+17
7.75153e+16
2.10092e+17
8.30272e+16
6.71049e+17
1.2466e+18
1.09761e+18
2.85656e+17
6.82196e+16
5.69196e+17
8.30809e+17
1.07231e+18
1.2466e+18
1.13561e+18
1.14456e+18
1.20623e+18
8.15718e+17
1.20437e+17
2.7282e+17
1.33031e+18
1.40489e+18
5.57161e+17
5.14554e+16
2.76073e+17
1.63367e+17
3.62459e+17
1.24868e+18
6.98472e+17
1.84012e+17
7.01045e+17
1.81751e+18
1.48716e+18
2.64761e+17
4.61203e+16
4.07825e+17
6.6747e+17
5.32696e+17
1.04833e+18
1.87693e+18
1.58221e+18
1.62338e+18
1.77285e+18
1.16905e+18
4.16707e+17
3.14069e+17
7.06958e+17
1.39154e+18
1.46221e+18
3.14929e+18
3.61649e+18
2.65141e+18
2.37756e+18
3.03448e+18
3.47577e+18
2.74472e+18
