# Plot index: 0
# FFT size: 66
# Segment size: 4
6.545e+17
1.18724e+18
1.19548e+18
7.20538e+17
7.42369e+17
1.18283e+18
2.06916e+18
4.05616e+18
5.91586e+18
5.25917e+18
3.14834e+18
1.72816e+18
8.71697e+17
6.58407e+17
5.68832e+17
2.20684e+18
4.46845e+18
4.96785e+18
3.48026e+18
1.48025e+18
4.24709e+17
1.39172e+17
2.16013e+17
8.19359e+17
2.17145e+18
3.64513e+18
4.17766e+18
3.59494e+18
1.81525e+18
3.23648e+17
5.66603e+17
6.95937e+17
1.44394e+18
2.91214e+18
5.15951e+18
6.25483e+18
4.42436e+18
2.09766e+18
1.0436e+18
6.71048e+17
5.94675e+17
9.51882e+17
1.16018e+18
7.20527e+17
2.88605e+17
1.72491e+17
5.84384e+17
1.29204e+18
2.23662e+18
2.93048e+18
3.02951e+18
2.32537e+18
1.14415e+18
4.36311e+17
3.96188e+17
1.10503e+18
2.30454e+18
2.87096e+18
2.2386e+18
7.5988e+17
2.2538e+17
1.80998e+17
2.90429e+16
5.34642e+16
3.1294e+17
2.59793e+18
