# Plot index: 1
# FFT size: 66
# Segment size: 4
6.45288e+18
5.92934e+18
4.91503e+19
2.41961e+20
3.63542e+20
3.88967e+20
3.34801e+20
1.0334e+20
9.95427e+18
1.81876e+18
3.31311e+17
2.83606e+16
2.69645e+17
5.13748e+17
5.53411e+17
5.15873e+16
1.50525e+17
5.83554e+17
8.26938e+17
8.09587e+17
4.94933e+17
1.12097e+18
2.00581e+18
1.83124e+18
1.14046e+18
4.37171e+17
1.37921e+18
2.78138e+18
3.69129e+18
4.83483e+18
7.68884e+17
1.09156e+19
4.48042e+19
5.09717e+19
5.52767e+19
3.59324e+19
5.15286e+18
2.86716e+17
7.55699e+17
7.79411e+17
5.45935e+17
4.07302e+16
3.39734e+17
6.7116e+17
3.04767e+17
2.77516e+17
5.93814e+17
1.24568e+18
2.69764e+18
6.07848e+18
8.3752e+18
7.12453e+18
4.48132e+18
1.84918e+18
1.84578e+19
8.04423e+19
1.11985e+20
1.11325e+20
8.2035e+19
2.20192e+19
1.95237e+18
7.63644e+17
1.82945e+18
2.30143e+18
1.60606e+18
1.06599e+18
