# Plot index: 3
# FFT size: 66
# Segment size: 4
1.9622e+17
1.21605e+17
2.25101e+17
1.0897e+18
1.39467e+18
1.38013e+18
1.20044e+18
4.62978e+17
1.07786e+18
1.22299e+18
8.80082e+17
5.16457e+17
3.45076e+17
1.22083e+17
7.73589e+16
8.95247e+17
2.08598e+18
3.76283e+18
4.76954e+18
5.01772e+18
6.48047e+18
8.20712e+18
8.41664e+18
5.7703e+18
1.05542e+20
2.7734e+19
4.02933e+18
1.41889e+18
2.29996e+18
1.497e+19
3.19818e+19
3.72328e+19
6.61479e+18
6.04487e+18
3.85854e+18
1.42735e+18
6.56321e+16
3.85025e+17
4.82152e+17
6.1976e+17
1.09588e+18
1.43435e+18
8.13559e+17
4.33034e+17
4.99776e+17
9.76052e+17
9.79077e+17
7.92851e+17
1.44375e+18
1.97738e+18
1.80042e+18
1.92837e+18
1.90944e+18
2.51901e+17
1.96681e+19
5.06908e+19
5.62253e+19
5.15401e+19
1.82982e+19
7.03473e+17
3.92318e+16
1.47882e+17
4.17698e+17
1.33499e+18
3.70997e+18
6.17164e+18
