# Plot index: 2
# FFT size: 66
# Segment size: 4
2.42207e+19
2.6048e+20
5.20507e+20
5.33572e+20
4.73554e+20
1.73448e+20
7.25222e+18
2.21353e+18
2.82652e+18
7.63358e+18
1.37768e+20
6.26466e+20
8.81004e+20
8.94204e+20
7.12164e+20
2.07238e+20
1.94434e+19
5.48752e+17
3.13573e+19
9.29595e+19
1.15573e+20
1.06634e+20
4.17148e+19
2.34162e+18
7.91987e+16
5.53334e+17
5.23226e+18
8.70373e+18
9.14199e+18
5.19193e+18
7.89687e+17
1.43533e+18
3.91805e+18
9.65012e+18
1.39797e+19
1.46686e+19
1.07843e+19
4.94159e+18
3.94092e+18
9.47975e+18
2.8985e+19
4.32824e+19
4.23985e+19
3.32215e+19
1.10562e+19
1.1626e+18
3.20644e+18
4.21046e+19
1.0446e+20
1.15097e+20
1.19547e+20
7.32359e+19
1.64928e+19
2.31468e+18
6.57808e+17
1.38424e+19
2.61029e+19
2.79192e+19
1.68008e+19
1.75047e+18
3.78751e+17
8.29916e+17
3.83034e+18
7.53893e+18
6.89097e+18
3.7743e+18
