# Plot index: 3
# FFT size: 66
# Segment size: 4
4.60687e+17
1.49349e+18
1.83688e+18
1.9085e+18
2.53473e+18
2.51574e+18
1.84346e+18
1.37592e+18
1.22591e+18
1.4213e+18
1.70468e+18
1.53404e+18
1.25451e+18
7.72519e+17
2.86479e+17
1.74413e+17
1.28032e+17
7.90836e+17
1.16306e+18
1.76113e+18
2.97473e+18
3.90899e+18
3.10704e+18
2.31505e+18
1.9922e+18
1.43358e+18
2.64027e+17
5.09324e+17
2.32762e+18
5.90799e+18
1.03261e+19
1.21039e+19
1.07546e+19
6.16342e+18
2.22522e+18
1.28008e+18
1.05613e+18
1.88e+17
7.27987e+16
1.93396e+17
5.22083e+17
1.53177e+18
2.85947e+18
3.72115e+18
3.59561e+18
2.25062e+18
9.41111e+17
4.48656e+17
5.06649e+17
5.14335e+17
5.19198e+17
1.84267e+18
2.75399e+18
2.0897e+18
6.90436e+18
3.66697e+19
6.34185e+19
5.7205e+19
4.88566e+19
2.10074e+19
1.61811e+18
1.05232e+18
2.2846e+18
1.28676e+18
1.91947e+17
6.23168e+16
