# Plot index: 2
# FFT size: 66
# Segment size: 4
1.9622e+17
1.21605e+17
2.25101e+17
1.0897e+18
1.39467e+18
1.38013e+18
1.20044e+18
4.62978e+17
4.17793e+20
7.37291e+20
7.34327e+20
6.135e+20
1.92323e+20
3.90943e+18
6.13558e+18
1.00565e+19
1.06094e+19
1.17853e+19
1.34863e+19
1.68338e+19
4.82872e+19
1.34381e+20
1.63962e+20
1.52873e+20
1.05542e+20
2.7734e+19
4.02933e+18
1.41889e+18
2.29996e+18
1.497e+19
3.19818e+19
3.72328e+19
3.79176e+19
1.7959e+19
5.2879e+18
7.01968e+18
9.29184e+18
8.74928e+18
8.91946e+18
1.10262e+19
1.25848e+19
2.38399e+19
7.88145e+19
1.06615e+20
9.49575e+19
6.53744e+19
8.0903e+18
3.3265e+18
9.86742e+18
1.10182e+19
1.08982e+19
1.14973e+19
1.32412e+19
1.74999e+19
2.77856e+19
5.07617e+19
5.69261e+19
5.3424e+19
3.52497e+19
1.37292e+19
7.33446e+18
6.32414e+18
5.72128e+18
5.89247e+18
2.20244e+17
3.05656e+17
