# Plot index: 2
# FFT size: 66
# Segment size: 4
6.18054e+18
7.89793e+18
5.92051e+18
3.09778e+18
1.78302e+17
7.22855e+17
8.58121e+17
1.80024e+18
1.43924e+19
2.04049e+20
6.82489e+20
8.22906e+20
7.70897e+20
4.64742e+20
6.17168e+19
2.61395e+17
1.97164e+18
1.034e+18
4.11737e+18
4.80315e+19
8.59978e+19
8.7217e+19
7.51796e+19
2.33233e+19
1.70482e+18
2.78173e+18
5.98999e+18
5.52183e+18
2.66907e+18
1.07417e+18
6.61075e+17
4.28143e+18
5.23185e+19
6.51472e+19
7.43403e+19
6.17202e+19
1.93062e+19
6.86032e+18
6.8527e+18
5.58857e+18
7.87826e+17
2.2826e+18
3.63988e+18
8.19828e+18
3.46393e+19
1.22904e+20
1.74251e+20
1.53558e+20
1.1261e+20
3.05082e+19
1.14261e+18
1.99058e+17
2.57335e+16
6.2514e+17
1.05729e+19
2.77003e+19
3.37619e+19
3.79835e+19
2.12183e+19
3.0283e+18
1.25164e+18
3.74064e+18
5.3232e+18
2.65507e+18
7.467e+17
2.92322e+17
