# Plot index: 3
# FFT size: 66
# Segment size: 4
2.78659e+17
1.0631e+17
4.0364e+17
9.31294e+17
9.65851e+17
1.10569e+18
7.30287e+17
3.06431e+17
3.02362e+17
4.51035e+17
2.67368e+17
4.12961e+16
1.56033e+17
4.44797e+17
6.3185e+17
4.76777e+17
1.2132e+17
6.92525e+16
2.40189e+17
3.51675e+17
1.78295e+17
1.51025e+16
6.00596e+16
3.45222e+17
4.39102e+17
1.36513e+17
5.23878e+15
1.54907e+17
3.72785e+17
4.07919e+17
1.76519e+17
1.07114e+17
3.39583e+17
6.21489e+17
5.15424e+17
2.44412e+17
1.08286e+17
2.3219e+17
5.97927e+17
6.12683e+17
4.30228e+17
6.18828e+17
1.09662e+18
9.91738e+17
8.40071e+17
6.81486e+17
2.19702e+17
3.66862e+17
4.96982e+17
5.85859e+17
1.13803e+18
1.85286e+18
1.86717e+18
1.44813e+18
1.01012e+18
7.71965e+17
5.01934e+17
3.02269e+17
3.44922e+17
7.59527e+17
1.81943e+18
2.96787e+18
2.7053e+18
1.53243e+18
9.98499e+17
6.03856e+17
