# Plot index: 1
# FFT size: 66
# Segment size: 4
1.36771e+18
1.97916e+18
2.10251e+18
7.5806e+18
8.51264e+19
3.46593e+20
4.85657e+20
4.65726e+20
3.33579e+20
8.1173e+19
5.08593e+18
1.94572e+18
2.6069e+18
3.66991e+18
3.551e+18
3.33735e+18
2.95328e+18
2.55601e+18
2.16013e+18
1.16881e+18
6.89931e+17
5.34936e+17
2.40731e+17
1.24439e+18
3.71596e+18
3.9749e+18
2.77816e+18
1.35155e+18
6.93429e+17
1.19872e+18
2.88414e+18
4.74535e+18
3.03829e+18
1.81404e+18
5.82384e+18
3.87056e+19
8.79469e+19
8.99704e+19
7.52595e+19
3.66663e+19
4.63847e+18
8.186e+17
1.45087e+18
2.59092e+18
2.46669e+18
2.95901e+18
5.13759e+18
5.80598e+18
4.57141e+18
1.82557e+18
7.26851e+16
3.22335e+17
8.41467e+17
6.35362e+17
2.4104e+19
7.90358e+19
9.55971e+19
9.65215e+19
5.69392e+19
1.19685e+19
3.83125e+18
5.22322e+18
5.30435e+18
2.87155e+18
2.43907e+18
3.17007e+18
