# Plot index: 3
# FFT size: 66
# Segment size: 4
4.56153e+18
2.75535e+18
9.6804e+17
8.9501e+16
9.53379e+16
9.86671e+16
1.40298e+17
4.35564e+17
5.89212e+17
7.70265e+17
1.44439e+18
1.37429e+18
3.76887e+17
1.44228e+17
9.99747e+17
4.15835e+18
7.08428e+18
6.72869e+18
5.81071e+18
4.68698e+18
2.75993e+18
2.36258e+18
9.34637e+17
6.01637e+16
5.008e+17
1.34599e+18
2.37809e+18
2.67294e+18
2.84045e+18
3.88949e+18
4.45826e+18
4.15286e+18
4.58317e+18
5.80651e+18
5.82254e+18
3.06148e+18
3.1993e+17
4.35116e+17
1.11288e+18
1.13719e+18
1.08523e+18
7.53875e+17
1.00656e+18
1.2136e+18
1.62125e+18
1.55404e+18
6.7784e+17
1.61826e+18
4.00783e+18
3.97681e+18
2.80568e+18
3.06309e+18
1.99774e+18
1.63132e+16
1.58912e+19
7.60514e+19
1.01908e+20
1.02393e+20
6.92852e+19
1.59995e+19
2.49418e+18
1.33909e+18
3.38663e+17
4.959e+16
1.49272e+17
7.86889e+17
