# Plot index: 1
# FFT size: 66
# Segment size: 4
5.10428e+17
1.74488e+17
1.08193e+17
1.43549e+18
9.1672e+19
3.66836e+20
4.87765e+20
5.2946e+20
3.79019e+20
8.75522e+19
7.76586e+18
3.31703e+18
3.33102e+18
4.57807e+18
7.30614e+18
8.57949e+18
7.10087e+18
4.80023e+18
4.11301e+18
3.99348e+18
2.01349e+18
2.15754e+17
1.03471e+17
5.85554e+17
7.04685e+17
8.43416e+17
4.95341e+17
5.33604e+17
8.15334e+17
1.37943e+18
1.70869e+18
1.03418e+18
1.1557e+17
3.30247e+16
4.88381e+18
4.72572e+19
8.66453e+19
1.01491e+20
9.52232e+19
3.62503e+19
4.39211e+18
1.06728e+18
1.06498e+18
2.95905e+18
8.22523e+18
8.43319e+18
3.96155e+18
1.35638e+18
6.9524e+17
2.9143e+18
4.55923e+18
2.67372e+18
1.43997e+18
3.10245e+18
2.48307e+19
7.71011e+19
8.80037e+19
7.48005e+19
4.08501e+19
3.98165e+18
2.15802e+18
3.28394e+18
2.73852e+18
2.15251e+18
1.58569e+18
1.20602e+18
