# Plot index: 3
# FFT size: 66
# Segment size: 4
3.27016e+18
4.26368e+18
3.67596e+18
1.15685e+18
4.63791e+19
2.98472e+20
4.97109e+20
5.2606e+20
1.99867e+17
2.00894e+18
3.50339e+18
3.55308e+18
1.54271e+18
5.29584e+17
1.189e+17
1.10909e+17
4.78021e+17
7.51343e+17
1.36683e+18
1.59658e+18
7.44203e+17
2.0077e+17
2.76185e+16
5.28795e+17
1.20498e+18
1.98026e+18
1.92339e+18
1.63427e+18
1.89612e+18
1.96739e+18
1.91321e+18
1.43883e+18
9.57559e+17
1.27151e+18
7.37832e+17
1.51855e+17
2.40571e+17
5.36431e+17
1.33354e+18
1.74812e+18
2.51551e+18
1.91514e+18
1.61041e+18
2.26341e+18
2.39089e+18
2.4573e+18
2.06439e+18
1.51416e+18
4.5208e+17
1.64229e+17
1.41911e+18
2.2699e+18
3.31759e+18
7.14011e+18
3.46059e+19
8.28133e+19
9.28248e+19
8.89503e+19
4.91466e+19
4.96584e+18
8.98719e+17
4.40238e+18
5.18925e+18
3.52868e+18
9.94159e+17
9.50299e+15
