# Plot index: 0
# FFT size: 66
# Segment size: 4
2.0077e+18
2.40238e+18
1.77291e+18
4.59379e+17
1.4977e+17
2.74554e+17
1.33855e+17
1.12571e+17
4.97632e+17
6.63372e+17
4.16813e+17
3.76204e+17
9.01366e+17
1.60268e+18
1.82757e+18
1.31102e+18
8.88942e+17
1.39418e+18
1.84896e+18
2.37659e+18
2.92395e+18
2.23219e+18
8.51836e+17
1.02988e+17
7.25095e+17
1.93782e+18
2.01406e+18
1.35e+18
1.09243e+18
7.10851e+17
2.05044e+17
4.50697e+17
2.2811e+18
1.71987e+18
1.49088e+18
2.28812e+18
3.90556e+18
5.49367e+18
4.37712e+18
2.59413e+18
7.36663e+17
9.57951e+17
2.31615e+18
2.95547e+18
1.76387e+18
1.31063e+18
6.10225e+17
2.06626e+15
1.81045e+17
8.98785e+17
2.09141e+18
2.1658e+18
1.99479e+18
1.12419e+18
1.11823e+17
5.86928e+16
3.26064e+17
8.42739e+17
8.371e+17
2.8265e+17
5.26245e+17
8.13113e+17
1.03125e+18
1.71631e+18
2.19841e+18
2.27513e+18
