# Plot index: 2
# FFT size: 66
# Segment size: 4
8.2917e+17
7.76965e+17
1.00016e+18
2.56924e+19
2.00843e+20
3.78825e+20
3.88421e+20
3.52687e+20
3.85488e+20
7.53078e+20
8.11943e+20
7.38545e+20
2.79011e+20
2.27364e+19
3.61434e+18
2.23979e+18
2.58039e+18
3.31357e+18
3.30788e+18
3.30096e+18
1.65535e+18
5.34338e+17
2.57906e+17
1.5655e+17
7.26331e+19
1.05869e+19
1.58012e+18
1.84166e+18
1.65046e+18
5.43853e+18
2.41103e+19
3.64751e+19
1.49915e+18
6.47491e+18
3.78406e+19
6.41664e+19
6.77748e+19
6.00816e+19
1.70882e+19
7.93108e+17
2.5231e+18
1.00281e+19
6.34828e+19
1.08447e+20
1.17802e+20
1.04717e+20
3.64821e+19
6.24707e+18
3.67627e+18
3.33364e+18
3.40304e+18
5.74736e+18
8.93988e+18
1.25791e+19
2.59057e+19
3.88e+19
4.07318e+19
4.05634e+19
1.92704e+19
1.86312e+18
4.20867e+17
1.49861e+18
1.74535e+18
3.14956e+18
7.99636e+18
1.11418e+19
