# Plot index: 3
# FFT size: 66
# Segment size: 4
8.78803e+18
1.51597e+19
1.28099e+19
1.00861e+19
5.60874e+18
1.76684e+18
3.5648e+18
1.16585e+20
7.13667e+16
4.04341e+17
9.161e+16
5.77921e+15
2.64721e+16
2.86135e+17
5.45093e+17
3.54961e+17
3.10035e+17
1.06643e+18
1.86485e+18
2.15657e+18
2.39759e+18
1.71934e+18
6.58887e+17
7.50873e+16
6.67695e+16
5.49871e+17
7.40741e+17
1.46147e+18
3.46432e+18
4.49158e+18
4.15305e+18
3.43409e+18
1.37469e+18
1.17914e+17
1.038e+17
2.80234e+17
1.72411e+17
9.94475e+16
5.7172e+17
1.33442e+18
2.55824e+18
1.44421e+18
1.467e+18
2.79382e+18
2.9193e+18
1.91763e+18
1.15842e+18
1.47751e+18
2.05566e+18
1.81154e+18
1.21718e+18
9.27778e+17
1.2316e+18
9.93552e+18
5.90899e+19
1.10774e+20
1.10116e+20
9.03473e+19
3.00859e+19
4.66064e+17
9.26378e+17
1.1269e+18
1.35223e+18
2.21532e+18
2.70167e+18
2.04298e+18
