# Plot index: 3
# FFT size: 66
# Segment size: 4
6.00304e+17
7.83099e+17
2.3696e+17
1.22827e+17
5.16358e+17
1.69678e+18
3.90995e+18
5.90176e+18
6.37901e+18
3.29635e+18
2.94763e+17
3.71009e+16
1.66986e+16
3.43832e+16
6.94043e+17
1.36824e+18
4.8091e+17
1.75809e+17
2.90935e+17
6.76825e+17
9.46227e+17
1.27807e+18
1.26903e+18
7.81166e+17
1.01321e+18
1.04038e+18
3.41657e+17
7.02817e+16
7.36652e+17
1.2325e+18
1.6077e+18
1.941e+18
1.88234e+18
1.51679e+18
1.29865e+18
6.07146e+17
5.25784e+17
1.60889e+18
1.88556e+18
1.71065e+18
4.10701e+17
7.5473e+17
1.26156e+18
9.72523e+17
8.02986e+17
3.56097e+17
1.35227e+17
2.39893e+17
1.1726e+17
2.14389e+17
6.19621e+17
7.33611e+17
3.7852e+17
3.90571e+18
4.51763e+19
8.98603e+19
9.22005e+19
7.45132e+19
2.14191e+19
2.40454e+18
4.53864e+18
5.55581e+18
4.4284e+18
2.39027e+18
1.47492e+18
1.25578e+18
