# Plot index: 2
# FFT size: 66
# Segment size: 4
6.65721e+18
1.73135e+18
1.12814e+18
1.73648e+18
1.69111e+18
5.17551e+17
2.64646e+17
1.52286e+19
2.53881e+20
7.3911e+20
8.85746e+20
8.96284e+20
5.15281e+20
7.44934e+19
1.68868e+18
5.1172e+16
3.65857e+17
3.81231e+17
6.48305e+17
3.64108e+18
3.49208e+19
8.87205e+19
9.76691e+19
9.02608e+19
4.30246e+19
4.81621e+18
2.5109e+18
2.09263e+18
5.70482e+17
3.92188e+17
7.53591e+18
3.12405e+19
1.986e+18
2.8965e+19
9.0686e+19
1.03099e+20
9.42993e+19
6.05901e+19
1.21155e+19
1.37121e+18
1.19589e+18
6.24425e+18
3.83491e+19
1.1704e+20
1.48104e+20
1.49727e+20
1.00008e+20
1.8382e+19
8.07312e+17
1.04175e+18
1.07029e+18
9.54233e+17
5.7059e+17
1.87517e+18
7.8597e+18
2.11889e+19
2.65683e+19
2.43079e+19
1.53778e+19
2.9136e+18
3.34358e+16
2.23414e+17
2.50168e+17
1.01015e+18
4.09442e+18
9.87337e+18
