# Plot index: 3
# FFT size: 66
# Segment size: 4
7.9389e+18
2.74955e+18
1.3624e+18
2.16813e+18
3.74115e+18
4.17872e+18
2.11223e+18
3.59256e+17
4.58249e+17
6.01578e+17
9.30356e+17
1.21965e+18
1.45805e+18
9.71045e+17
3.28795e+17
3.04868e+17
1.0131e+18
2.00239e+18
3.13377e+18
2.76388e+18
1.4958e+18
1.96002e+18
3.68139e+18
4.51359e+18
4.12393e+18
2.9184e+18
1.94987e+18
2.77136e+18
4.83182e+18
4.89637e+18
4.695e+18
4.24349e+18
3.2578e+18
3.68688e+18
5.66136e+18
7.15639e+18
5.76199e+18
4.35282e+18
2.26267e+18
1.12827e+18
1.07337e+18
6.19152e+17
6.1496e+17
1.07584e+18
8.31014e+17
3.16654e+17
9.75908e+16
1.02079e+18
1.83389e+18
1.47828e+18
4.90227e+17
2.25504e+15
5.67627e+17
3.34254e+18
1.83022e+19
4.79436e+19
5.55998e+19
5.30072e+19
3.93134e+19
1.14887e+19
2.59198e+18
4.07158e+18
6.59231e+18
4.428e+18
2.06333e+18
1.80531e+18
