# Plot index: 2
# FFT size: 66
# Segment size: 4
5.16416e+18
2.03293e+18
1.35622e+19
1.62858e+20
3.30896e+20
3.51454e+20
3.4281e+20
1.49751e+20
4.15533e+19
3.23851e+20
7.11536e+20
7.80349e+20
7.40393e+20
3.34998e+20
3.6546e+19
2.33247e+18
1.17858e+18
2.27765e+18
3.01775e+18
2.61782e+19
9.36564e+19
1.21434e+20
1.32877e+20
9.90538e+19
2.84704e+19
4.08403e+18
1.87749e+18
1.8628e+18
1.04013e+18
1.02013e+18
2.44788e+18
3.67315e+18
5.21956e+18
1.01482e+19
2.67084e+19
3.52855e+19
3.24031e+19
2.4963e+19
5.1821e+18
1.06281e+15
3.94102e+17
1.69789e+18
2.89597e+18
6.02061e+18
4.11611e+19
9.81992e+19
1.13225e+20
1.13575e+20
5.06742e+19
4.19729e+18
6.92202e+17
2.34178e+18
3.63278e+18
4.74342e+18
1.59357e+19
3.79345e+19
4.18361e+19
4.58051e+19
3.90354e+19
1.50037e+19
3.79833e+18
2.71268e+18
2.07783e+18
1.18957e+17
5.19048e+16
9.98955e+17
