# Plot index: 2
# FFT size: 66
# Segment size: 4
3.19452e+18
8.08305e+19
2.53969e+20
2.76337e+20
2.64942e+20
1.5154e+20
1.67298e+19
1.74457e+17
1.05978e+19
1.30064e+18
2.61809e+19
3.60914e+20
8.1731e+20
8.89596e+20
8.3057e+20
3.64567e+20
3.68629e+19
8.06745e+18
5.21387e+19
9.83091e+19
1.01979e+20
9.99818e+19
4.48379e+19
5.65242e+18
1.08336e+18
5.2127e+17
2.55644e+17
6.29574e+17
2.18517e+18
2.05633e+18
9.58426e+17
7.70669e+17
5.04075e+17
4.84458e+17
2.67882e+18
5.56204e+18
5.67705e+18
5.90571e+18
3.20647e+18
5.59154e+17
4.17999e+17
1.36981e+19
3.78624e+19
4.71783e+19
4.85812e+19
2.62309e+19
3.77974e+18
3.99014e+18
5.64608e+19
1.27251e+20
1.44822e+20
1.30651e+20
5.52663e+19
6.60081e+18
1.35912e+18
1.03167e+19
2.14908e+19
2.22331e+19
2.2879e+19
1.11858e+19
2.21564e+18
1.60963e+18
1.04841e+18
6.43292e+17
1.28362e+18
2.79218e+18
