# Plot index: 1
# FFT size: 66
# Segment size: 4
1.22496e+19
6.78282e+19
2.86131e+20
4.18187e+20
3.97687e+20
3.41048e+20
1.17657e+20
8.95938e+18
1.17755e+18
1.07081e+18
6.20721e+17
1.89753e+17
6.3497e+17
7.09128e+17
6.71273e+17
1.87742e+17
5.9093e+17
4.74858e+17
2.42904e+16
1.65387e+17
6.62791e+17
1.26775e+18
9.73012e+17
5.43158e+17
8.53125e+17
1.40353e+18
7.5844e+17
5.05638e+17
2.66524e+18
2.78465e+18
2.89091e+19
5.60948e+19
7.0838e+19
5.26849e+19
8.37584e+18
4.38253e+17
6.79015e+17
2.47233e+17
2.71612e+17
1.19438e+18
1.68118e+18
1.42215e+18
8.52732e+17
4.00599e+17
1.40739e+17
7.86063e+16
3.98e+17
4.87374e+17
3.72817e+17
2.25284e+17
4.42807e+17
9.73653e+17
9.67348e+17
8.28387e+17
9.52109e+18
6.21523e+19
9.92625e+19
9.53641e+19
6.68954e+19
1.6572e+19
1.60359e+18
9.08262e+17
5.12625e+17
6.33475e+17
7.04124e+18
7.42644e+18
