# Plot index: 3
# FFT size: 66
# Segment size: 4
1.72774e+18
1.42959e+18
1.479e+18
2.32187e+18
3.42195e+18
4.19015e+18
4.30994e+18
2.3356e+18
9.5478e+17
1.37622e+18
2.2602e+18
2.43822e+18
2.41132e+18
2.76206e+18
3.90488e+18
4.01315e+18
1.45425e+18
1.26272e+16
4.33422e+17
3.45242e+17
7.2514e+16
8.56194e+17
2.71884e+18
2.99984e+18
1.59702e+18
7.56811e+17
7.41128e+17
7.94591e+17
1.69396e+18
3.15843e+18
2.62964e+18
1.39538e+18
7.51442e+17
1.97541e+17
9.19311e+15
6.5973e+17
4.39058e+18
7.0682e+18
4.53794e+18
9.89151e+17
7.34191e+17
3.00815e+18
3.60616e+18
2.17618e+18
1.18044e+18
1.53726e+18
2.48436e+18
2.93221e+18
2.89274e+18
1.97934e+18
6.86024e+17
5.35567e+17
7.9981e+17
5.482e+17
6.06036e+18
4.28632e+19
7.27034e+19
8.61634e+19
8.44051e+19
3.61179e+19
8.88657e+18
3.70496e+18
1.0307e+18
8.47402e+16
1.27575e+18
2.02079e+18
