# Plot index: 0
# FFT size: 66
# Segment size: 4
3.07044e+18
1.99566e+18
1.63468e+18
1.25163e+18
1.73924e+18
2.40505e+18
4.24203e+18
5.52832e+18
1.2574e+18
5.57572e+17
2.31823e+17
5.84602e+17
5.17772e+17
3.61845e+17
5.55255e+17
1.33646e+18
2.43408e+18
1.89625e+18
5.59011e+17
2.31772e+17
1.74747e+17
1.38667e+17
9.75107e+16
1.23541e+17
4.69552e+17
6.36332e+17
1.13583e+18
1.71394e+18
1.16873e+18
4.89759e+17
4.04982e+17
2.62575e+17
1.95724e+17
2.09901e+17
3.6731e+17
1.08045e+18
9.35074e+17
2.80843e+17
7.18717e+16
4.58341e+16
7.00744e+17
1.4563e+18
1.74558e+18
9.19495e+17
2.27221e+17
8.55287e+16
1.2389e+17
4.84533e+17
5.48112e+17
2.68248e+17
7.23421e+16
1.61492e+17
7.28275e+17
1.02753e+18
6.51024e+17
1.19471e+18
1.64482e+18
1.33412e+18
9.31146e+17
2.87617e+17
4.15526e+16
3.64902e+16
1.09491e+17
2.74231e+17
5.01897e+17
2.25096e+17
