# Plot index: 2
# FFT size: 66
# Segment size: 4
1.74327e+19
7.20013e+19
3.02752e+20
4.56596e+20
4.13542e+20
3.35776e+20
1.05866e+20
3.42175e+18
1.14873e+17
2.15981e+19
3.15702e+20
8.69707e+20
9.59696e+20
8.87523e+20
4.73896e+20
5.16995e+19
5.47543e+17
1.50466e+18
1.10688e+19
5.63611e+19
8.91395e+19
1.00856e+20
8.94995e+19
3.07338e+19
4.46024e+18
1.41302e+18
9.22859e+17
1.23256e+18
2.33256e+18
5.52445e+18
1.13652e+19
8.87962e+18
4.21257e+18
2.14178e+18
4.29652e+17
1.31538e+18
2.97871e+18
8.52476e+18
3.13399e+19
5.12097e+19
4.21741e+19
2.92657e+19
9.21813e+18
3.24172e+16
9.24582e+17
3.06646e+18
3.41976e+19
1.17477e+20
1.38739e+20
1.20617e+20
7.36759e+19
1.08303e+19
4.56225e+16
5.82312e+17
3.38052e+18
1.28842e+19
1.93747e+19
2.43792e+19
2.98299e+19
1.73553e+19
7.02187e+18
4.6998e+18
3.0111e+18
1.80229e+18
1.11067e+18
2.50695e+18
