# Plot index: 2
# FFT size: 66
# Segment size: 4
4.27025e+17
8.3316e+17
1.22985e+18
1.97023e+18
5.19866e+18
1.18567e+19
1.4499e+19
1.30481e+19
9.30344e+18
2.23358e+18
1.32792e+19
2.49704e+20
7.47481e+20
8.66064e+20
8.37101e+20
4.98519e+20
8.5781e+19
2.03805e+19
6.96909e+19
1.10838e+20
1.02719e+20
7.95936e+19
2.53236e+19
1.37311e+18
5.57338e+17
1.07463e+18
1.20659e+18
1.81224e+18
1.25654e+18
4.28162e+17
2.11914e+17
6.40398e+17
6.31016e+17
3.75165e+17
1.10957e+18
3.09417e+18
5.73461e+18
5.4088e+18
3.66563e+18
2.19401e+18
3.31124e+17
1.63272e+18
1.79755e+19
3.91841e+19
4.52573e+19
4.49419e+19
1.88736e+19
1.28595e+17
2.65215e+19
1.12468e+20
1.43914e+20
1.31726e+20
8.77905e+19
1.64881e+19
1.73879e+18
1.1157e+19
2.9606e+19
3.42674e+19
3.12376e+19
1.54852e+19
2.42591e+18
2.55733e+17
8.21671e+17
6.15862e+17
2.68114e+17
5.0308e+17
