# Plot index: 1
# FFT size: 66
# Segment size: 4
2.02884e+18
3.21479e+18
7.73259e+19
3.08366e+20
3.88736e+20
3.95831e+20
2.76232e+20
5.33501e+19
1.38101e+18
8.31612e+16
2.28346e+16
3.31564e+17
1.8405e+18
3.03179e+18
4.10548e+18
5.47595e+18
4.09113e+18
1.45493e+18
5.15588e+17
1.06082e+18
1.7314e+18
2.54971e+18
2.7019e+18
1.22079e+18
8.0177e+17
8.77686e+17
3.62777e+18
1.02952e+19
1.31893e+19
1.12443e+19
1.65618e+19
5.29126e+19
8.66799e+19
9.46713e+19
8.90827e+19
3.94553e+19
8.39493e+18
3.37374e+18
3.12427e+18
3.12377e+18
2.85992e+18
3.23652e+18
2.2749e+18
1.66087e+18
1.72132e+18
1.90928e+18
2.36275e+18
2.7179e+18
2.8287e+18
1.4968e+18
2.09788e+17
3.38792e+17
1.69283e+18
2.13159e+17
1.35084e+19
7.39387e+19
1.07059e+20
1.05048e+20
7.02677e+19
1.59365e+19
1.95067e+18
1.94574e+18
2.71015e+18
4.0381e+18
5.40184e+18
5.29392e+18
