# Plot index: 0
# FFT size: 66
# Segment size: 4
1.7021e+18
1.13711e+18
4.97753e+17
6.7376e+16
3.15961e+17
7.83091e+17
1.52623e+18
2.16068e+18
1.71924e+18
6.62732e+17
7.50846e+16
3.85741e+17
5.38417e+17
7.35441e+17
2.31562e+18
4.7131e+18
5.32041e+18
4.75624e+18
3.30517e+18
1.12658e+18
5.95025e+17
7.39263e+17
2.30347e+18
2.60639e+18
1.58991e+18
1.21464e+18
6.53969e+17
1.93955e+18
3.971e+18
5.75565e+18
5.32477e+18
2.44973e+18
3.61353e+17
9.72126e+16
2.11815e+17
1.96555e+17
5.96524e+17
1.04034e+18
1.50841e+18
1.56747e+18
1.24259e+18
8.57854e+17
2.97879e+17
8.16848e+16
2.16067e+17
7.01865e+17
1.6224e+18
2.25925e+18
2.20616e+18
1.04692e+18
3.14604e+17
3.59514e+17
5.38331e+17
1.02288e+18
2.18514e+18
3.15781e+18
3.1069e+18
1.88022e+18
7.10788e+17
1.20221e+18
2.10503e+18
1.52093e+18
2.14178e+17
5.46065e+17
2.20033e+18
2.93319e+18
