# Plot index: 3
# FFT size: 66
# Segment size: 4
2.21244e+18
9.69683e+17
3.36883e+17
8.92268e+16
8.46798e+17
1.41881e+18
1.41644e+18
1.13406e+18
6.64053e+17
1.14507e+18
1.31139e+18
1.74168e+18
1.82027e+18
2.60434e+18
2.79236e+18
1.70908e+18
1.35903e+18
2.80577e+18
3.9003e+18
2.99409e+18
3.27385e+18
3.29102e+18
2.67866e+18
1.093e+18
1.91963e+17
3.33799e+17
1.30669e+18
2.27203e+18
3.30448e+18
2.92079e+18
1.86188e+18
2.13858e+18
2.46778e+18
3.01334e+18
2.64258e+18
1.76593e+18
9.80762e+17
9.75928e+17
1.54777e+18
1.27333e+18
1.45492e+18
5.32622e+17
4.59058e+17
4.06083e+17
4.84435e+16
4.06372e+15
2.09248e+17
7.87276e+17
1.12484e+18
4.06205e+17
7.93293e+17
2.22479e+18
3.84348e+18
1.31849e+19
5.27502e+19
9.05799e+19
8.90205e+19
7.43042e+19
3.13866e+19
5.29355e+18
2.35642e+18
1.79706e+18
6.28455e+17
8.86985e+15
1.39576e+17
4.03633e+17
