# Plot index: 0
# FFT size: 66
# Segment size: 4
2.46366e+18
1.99509e+18
9.38558e+17
6.57265e+16
1.65939e+17
7.95327e+17
1.59458e+18
1.63742e+18
2.07082e+18
3.22312e+18
4.02275e+18
4.3277e+18
3.12897e+18
1.45013e+18
7.6297e+17
5.11864e+17
4.7059e+17
3.91322e+17
3.71007e+17
4.4977e+17
2.61226e+17
1.96788e+16
2.62334e+16
1.07893e+17
2.54006e+17
4.21696e+17
6.60898e+17
7.5217e+17
8.20764e+17
9.42694e+17
1.68005e+18
3.18979e+18
3.726e+18
3.62266e+18
3.82386e+18
3.18838e+18
2.46227e+18
1.63373e+18
6.09163e+17
7.52435e+16
1.54265e+17
8.81082e+17
1.21326e+18
1.32573e+18
1.01129e+18
2.09872e+17
8.27058e+16
9.47337e+16
1.84872e+17
3.15966e+17
3.22112e+17
2.01701e+17
3.18262e+17
5.99094e+17
3.93105e+17
5.05105e+17
8.03652e+17
1.01443e+18
5.69489e+17
2.45783e+17
1.62656e+17
1.81175e+17
2.11607e+17
2.4109e+17
1.0207e+18
5.50394e+18
