# Plot index: 0
# FFT size: 66
# Segment size: 4
7.2209e+17
2.92506e+17
5.82678e+17
1.60718e+18
2.05068e+18
1.25818e+18
2.88037e+17
2.75973e+17
3.46037e+17
3.38838e+17
4.97612e+16
5.36939e+17
1.06855e+18
1.47726e+18
1.98362e+18
1.04344e+18
3.53424e+17
7.76645e+16
1.07084e+17
2.08017e+17
6.09465e+16
2.06648e+17
1.01303e+18
1.49274e+18
1.56151e+18
1.21859e+18
3.54741e+17
3.22991e+16
1.75303e+17
6.01947e+16
4.95693e+16
3.71763e+17
2.46778e+18
3.01334e+18
2.64258e+18
1.76593e+18
9.80762e+17
9.75928e+17
1.54777e+18
1.27333e+18
1.34286e+17
2.38585e+17
1.12365e+18
1.94513e+18
1.74456e+18
9.38461e+17
2.18056e+17
3.91384e+17
6.48339e+17
3.99525e+17
3.02501e+17
3.47043e+17
2.25725e+17
1.36534e+17
9.24456e+17
2.00646e+18
1.60286e+18
5.16512e+17
3.39637e+17
2.25554e+18
3.2858e+18
2.26712e+18
7.22607e+17
1.75457e+17
1.82777e+17
1.56467e+17
