# Plot index: 1
# FFT size: 66
# Segment size: 4
3.04254e+18
9.4525e+19
3.31111e+20
4.16203e+20
4.02402e+20
2.40388e+20
3.65161e+19
4.85129e+17
1.84343e+17
6.76426e+17
2.05121e+18
3.07867e+18
2.32441e+18
1.45721e+18
9.30967e+17
3.77908e+17
2.93611e+17
4.39915e+17
3.63556e+17
3.33356e+17
3.46856e+17
4.32817e+17
7.84863e+17
9.07005e+17
1.10571e+18
1.22363e+18
9.70408e+17
3.23946e+18
1.59074e+19
5.71449e+19
8.59854e+19
8.71406e+19
6.83105e+19
2.16725e+19
2.46087e+18
3.72977e+17
5.15315e+17
1.14393e+18
2.41835e+18
2.5583e+18
1.74711e+18
1.17839e+18
9.2744e+17
1.02152e+18
1.34979e+18
1.10197e+18
5.36486e+17
4.59073e+17
6.28196e+17
8.48436e+17
1.56105e+18
2.78653e+18
4.17023e+18
4.18172e+18
1.03871e+19
5.44867e+19
7.87751e+19
7.08484e+19
5.29503e+19
1.01341e+19
4.79606e+17
1.59141e+18
8.61641e+17
7.46062e+17
1.14113e+18
1.72158e+18
