# Plot index: 2
# FFT size: 66
# Segment size: 4
2.4801e+18
3.61446e+18
5.61598e+18
7.43482e+18
2.60769e+19
2.04728e+20
4.83473e+20
5.27272e+20
8.79769e+20
9.20709e+20
7.89752e+20
2.81899e+20
9.69895e+18
9.36677e+18
1.55417e+19
9.44463e+18
2.24082e+18
9.3449e+17
4.89167e+18
7.42874e+18
4.91773e+18
5.10682e+19
9.86925e+19
1.09191e+20
1.02398e+20
4.86468e+19
2.72582e+19
3.28594e+19
3.13636e+19
2.19687e+19
4.32598e+18
8.94653e+17
4.90832e+18
5.09438e+18
1.4193e+18
3.88612e+18
9.10155e+18
1.17499e+19
1.12636e+19
2.16345e+19
7.47871e+19
1.20185e+20
1.21224e+20
9.98357e+19
3.03013e+19
2.53729e+17
2.6704e+18
3.42949e+18
1.66881e+18
4.4873e+16
7.61467e+17
2.32506e+18
2.8269e+18
5.54552e+18
2.62683e+19
3.66403e+19
3.69932e+19
2.84548e+19
7.85086e+18
2.45839e+18
2.51123e+18
1.87531e+18
1.30826e+18
8.34959e+17
1.11089e+18
7.95572e+17
