# Plot index: 1
# FFT size: 66
# Segment size: 4
1.69816e+18
1.25156e+18
1.2642e+18
1.73808e+18
2.0116e+18
2.33973e+18
2.73174e+18
2.77105e+18
5.78035e+17
7.79994e+17
1.36248e+18
1.46365e+18
1.47198e+18
1.66447e+18
7.14858e+17
1.35685e+17
1.008e+17
3.34829e+17
8.04766e+17
1.4738e+18
2.19174e+18
2.2223e+18
2.31317e+18
2.01087e+18
1.93799e+18
2.25142e+18
2.63738e+18
2.7795e+18
5.82052e+18
3.47124e+19
5.82572e+19
5.88091e+19
6.28126e+19
2.47092e+19
1.4357e+18
2.31096e+17
4.80424e+17
1.12791e+18
1.38428e+18
8.49423e+17
4.43622e+17
4.4732e+17
2.94615e+17
2.91824e+17
1.11083e+18
1.73227e+18
1.64685e+18
8.09687e+17
8.74454e+17
1.88153e+18
2.01629e+18
1.75245e+18
1.76169e+18
1.34062e+18
4.33523e+18
3.88106e+19
5.90786e+19
6.14504e+19
4.95543e+19
9.39388e+18
1.30438e+16
2.3464e+17
2.14196e+17
1.51729e+17
2.57768e+17
3.60598e+17
