# Plot index: 1
# FFT size: 66
# Segment size: 4
1.59329e+19
2.05077e+20
4.17924e+20
4.50872e+20
4.14933e+20
1.51368e+20
7.01182e+18
4.02795e+17
6.26059e+17
4.2427e+17
2.11105e+17
5.2425e+16
7.29255e+16
7.22015e+17
1.08425e+18
1.15118e+18
6.43572e+17
1.21988e+17
2.95148e+16
1.63575e+17
1.95023e+17
7.25966e+17
1.33812e+18
1.13475e+18
4.9558e+17
4.45918e+16
8.17108e+17
1.47778e+18
1.76843e+19
3.10422e+19
3.42139e+19
2.9524e+19
7.15122e+18
2.75943e+17
2.13366e+17
3.87757e+17
8.8382e+17
8.2086e+17
5.31794e+17
7.38488e+16
2.64283e+17
5.07967e+17
9.14495e+17
7.84313e+17
5.91727e+17
1.60536e+17
5.63488e+15
3.00146e+16
7.35868e+17
1.2691e+18
8.90692e+17
6.57429e+17
7.5995e+16
5.21319e+17
9.30241e+18
5.60386e+19
1.05713e+20
1.14497e+20
1.01601e+20
4.09927e+19
4.60241e+18
4.74306e+16
5.03503e+17
1.15051e+18
1.14186e+18
8.96389e+17
