# Plot index: 1
# FFT size: 66
# Segment size: 4
1.44116e+17
9.18748e+17
2.2386e+18
3.27298e+18
4.41038e+18
9.54996e+19
3.59518e+20
4.59239e+20
4.51683e+20
2.81697e+20
4.90903e+19
4.38636e+18
3.00063e+18
6.74397e+17
6.64226e+16
2.042e+17
6.95762e+17
8.49058e+17
5.76111e+17
1.905e+17
5.44179e+16
2.11468e+17
9.73215e+17
3.12811e+18
3.62084e+18
2.74966e+18
1.53088e+18
2.10525e+18
2.89576e+18
1.20393e+18
9.73862e+16
6.99242e+16
4.55134e+17
1.14462e+18
1.88096e+18
1.86238e+18
8.1671e+18
5.26329e+19
8.50422e+19
8.57706e+19
6.95453e+19
2.23809e+19
4.95185e+18
3.32733e+18
8.13618e+17
2.21682e+17
2.56091e+17
9.94712e+16
8.55063e+16
7.44057e+17
1.63569e+18
2.34288e+18
2.68618e+18
9.34829e+18
4.99126e+19
8.70593e+19
9.64309e+19
8.57162e+19
2.88507e+19
2.36973e+18
1.68958e+17
3.00601e+16
2.65654e+16
7.76559e+16
1.19762e+17
6.54448e+16
