# Plot index: 1
# FFT size: 66
# Segment size: 4
2.03399e+19
2.13022e+20
4.09915e+20
4.04401e+20
3.50784e+20
1.26054e+20
7.24676e+18
1.95801e+17
1.45042e+17
1.00695e+18
1.08291e+18
6.78911e+17
2.02455e+17
2.59108e+17
1.4153e+18
2.74212e+18
2.56663e+18
1.93829e+18
3.75196e+18
3.97009e+18
2.76402e+18
2.33002e+18
1.58406e+18
1.10106e+18
1.42095e+18
1.16273e+18
3.3012e+17
3.97885e+18
4.17212e+19
6.639e+19
5.82636e+19
4.51174e+19
8.15073e+17
1.12948e+18
7.47518e+17
4.01822e+17
2.98228e+17
4.12463e+17
5.34414e+17
1.58121e+17
1.74909e+18
3.43339e+18
3.74065e+18
2.47771e+18
1.29323e+18
2.31322e+18
3.01993e+18
2.66018e+18
2.29879e+18
1.61594e+18
8.91308e+17
4.86067e+17
5.43874e+17
9.75476e+17
6.49157e+18
4.92784e+19
1.03083e+20
1.17299e+20
1.0659e+20
4.15443e+19
3.06074e+18
7.37014e+17
4.73184e+17
1.78663e+17
9.00708e+16
1.77855e+17
