# Plot index: 3
# FFT size: 66
# Segment size: 4
3.39775e+17
1.15395e+18
9.27106e+17
2.01735e+18
3.97327e+18
4.55278e+18
4.39297e+18
5.04696e+18
5.22924e+18
5.37958e+18
5.04012e+18
2.5486e+18
4.68934e+17
6.77497e+16
6.29305e+16
2.08119e+17
7.06776e+17
1.223e+18
2.67641e+18
3.65764e+18
2.92046e+18
2.34666e+18
1.38437e+18
2.12463e+17
3.01437e+16
6.27032e+16
7.41498e+16
6.06172e+17
1.83654e+18
1.79511e+18
8.73851e+17
1.13492e+17
1.62915e+17
1.61004e+18
4.35568e+18
6.28196e+18
7.02228e+18
7.20557e+18
3.46518e+18
6.93547e+17
1.48325e+17
6.35352e+17
2.80385e+18
4.93172e+18
5.85613e+18
6.90314e+18
5.53192e+18
3.06719e+18
1.97313e+18
1.22412e+18
8.85509e+17
1.05472e+18
1.06936e+18
1.31529e+18
8.31624e+18
4.128e+19
5.93939e+19
5.58741e+19
4.77897e+19
1.50368e+19
1.59006e+18
8.33045e+17
5.18786e+17
1.46314e+17
2.94542e+17
1.76202e+18
