# Plot index: 1
# FFT size: 66
# Segment size: 4
9.21631e+18
2.60767e+19
1.99276e+20
3.74919e+20
4.10107e+20
3.58235e+20
1.22628e+20
1.15407e+19
4.5104e+18
5.41312e+18
4.96429e+18
2.60378e+18
3.63163e+17
3.76201e+17
2.25392e+18
2.67956e+18
1.19521e+18
4.59369e+16
6.86887e+17
1.81771e+18
1.71396e+18
1.00666e+18
3.88653e+17
8.1625e+17
1.79228e+18
2.12494e+18
1.39687e+18
2.7228e+18
6.8512e+18
2.56713e+19
8.83873e+19
1.16257e+20
1.0773e+20
8.13988e+19
2.31564e+19
2.04572e+18
7.27306e+17
2.67849e+18
4.54849e+18
4.22538e+18
1.97076e+18
1.69769e+17
2.95862e+17
1.49677e+18
2.46937e+18
2.29399e+18
1.02729e+18
1.3358e+17
1.59872e+17
4.07257e+17
4.50551e+17
8.38872e+17
1.2836e+18
1.77298e+18
1.32427e+19
6.64254e+19
9.55463e+19
9.71147e+19
8.55301e+19
2.9334e+19
3.50416e+18
2.06764e+18
1.11938e+18
3.36162e+17
1.87367e+16
7.59271e+17
