# Plot index: 0
# FFT size: 66
# Segment size: 4
1.28743e+18
1.40407e+18
2.20641e+18
4.80433e+18
5.1184e+18
2.12222e+18
2.83752e+19
3.53689e+20
7.28285e+20
7.66188e+20
6.93448e+20
2.89447e+20
3.82015e+19
9.50112e+18
8.05214e+18
5.16398e+18
2.93349e+18
3.50933e+18
5.01776e+18
4.87299e+18
9.0023e+18
4.77442e+19
1.13869e+20
1.21163e+20
1.03143e+20
3.66987e+19
1.62409e+19
4.02906e+19
4.42676e+19
3.1862e+19
1.14549e+19
5.86967e+18
4.66997e+18
7.16512e+18
8.63967e+18
7.60165e+18
1.02972e+19
5.33504e+19
9.43052e+19
9.54096e+19
7.64411e+19
1.4125e+20
1.47985e+20
1.30269e+20
5.81479e+19
1.60862e+19
1.07904e+19
1.17068e+19
9.18811e+18
5.85276e+18
5.56084e+18
6.34707e+18
6.07676e+18
7.67861e+18
2.37223e+19
4.45378e+19
4.13008e+19
3.0637e+19
8.50229e+18
9.4408e+18
2.0671e+19
2.18604e+19
1.58329e+19
8.0715e+18
5.95025e+18
7.37423e+18
