# Plot index: 0
# FFT size: 66
# Segment size: 4
1.56895e+18
2.27141e+17
1.33067e+17
4.88718e+17
5.5907e+17
1.48449e+17
1.62983e+17
4.03952e+17
5.06749e+17
2.48032e+17
1.17326e+17
3.16857e+17
6.13988e+17
4.53426e+17
1.14292e+18
1.56649e+18
1.20293e+18
7.12517e+17
6.06387e+16
1.28898e+17
1.41244e+17
2.50127e+17
9.45261e+17
1.77917e+18
1.16961e+18
6.47102e+17
9.32548e+17
1.37212e+18
8.87395e+17
3.5074e+17
7.88474e+17
1.69638e+18
2.14552e+18
1.18042e+18
7.97437e+17
5.69004e+17
1.40797e+17
1.90158e+17
7.99647e+17
1.40114e+18
1.02121e+18
5.3272e+17
1.41211e+17
3.2841e+16
7.52763e+16
4.3867e+17
1.50537e+18
2.63895e+18
2.17848e+18
1.29379e+18
4.77088e+17
3.15972e+17
5.73776e+17
1.75664e+18
4.80471e+18
8.06387e+18
8.86119e+18
6.76758e+18
3.11811e+18
1.20808e+18
1.14354e+18
1.95551e+18
2.20595e+18
2.19371e+18
1.61998e+18
8.35665e+17
