# Plot index: 3
# FFT size: 66
# Segment size: 4
7.64201e+17
1.22703e+18
1.43552e+18
1.00658e+18
1.18809e+17
3.59782e+17
1.38902e+18
2.10061e+18
2.08786e+18
1.21255e+18
1.21781e+18
1.99786e+18
1.77756e+18
3.14235e+18
5.43583e+18
6.19041e+18
7.07337e+18
6.14499e+18
3.42888e+18
2.01911e+18
6.57134e+17
8.20085e+17
1.40838e+18
1.98593e+17
6.13638e+17
2.24433e+18
2.42281e+18
1.03354e+18
6.90931e+17
1.40743e+18
8.47068e+17
2.3948e+17
9.20458e+17
2.88403e+18
4.68814e+18
4.13495e+18
4.7074e+18
5.06614e+18
4.29222e+18
5.18226e+18
3.65637e+18
1.05061e+18
1.01319e+18
1.29963e+18
1.84441e+18
1.88979e+18
1.1328e+18
4.41645e+17
3.05582e+16
2.57905e+17
5.02549e+17
1.42718e+17
2.49847e+17
3.13201e+18
3.41786e+19
8.28884e+19
8.60201e+19
7.65863e+19
3.48915e+19
3.3409e+18
1.47578e+18
1.87391e+18
2.53038e+18
3.43459e+18
2.8034e+18
1.80335e+18
