# Plot index: 3
# FFT size: 66
# Segment size: 4
1.45634e+16
3.63477e+17
1.10491e+18
9.30091e+17
1.38386e+17
2.37585e+17
1.13677e+18
1.63702e+18
2.18324e+16
2.54082e+17
3.40331e+17
1.07097e+17
1.1105e+16
2.83738e+17
1.17042e+18
2.11651e+18
2.91843e+18
2.87772e+18
1.48953e+18
5.44658e+17
5.5847e+17
7.85052e+17
5.12332e+17
4.91057e+17
3.36256e+17
2.95418e+17
4.76951e+16
1.0437e+17
5.52144e+17
5.25128e+17
4.88928e+17
1.67884e+18
3.64168e+18
4.65272e+18
3.37724e+18
2.19195e+18
2.38869e+18
3.00349e+18
1.70765e+18
8.03303e+17
3.13201e+17
6.85203e+17
1.46525e+18
2.13282e+18
1.87706e+18
1.04812e+18
7.63387e+17
8.00973e+17
5.91165e+17
5.11422e+17
5.40313e+17
5.72023e+17
9.56607e+17
6.60764e+18
4.22082e+19
8.52158e+19
9.44896e+19
8.87676e+19
3.95342e+19
5.23998e+18
1.27461e+18
1.29435e+18
1.53069e+18
1.1401e+18
1.16486e+19
8.4376e+18
