# Plot index: 3
# FFT size: 66
# Segment size: 4
8.56645e+17
8.58971e+17
7.1336e+17
7.97905e+17
1.55192e+18
3.40324e+18
3.73016e+18
2.22457e+18
1.17222e+18
5.02012e+17
6.77102e+17
1.18762e+18
1.64559e+18
1.50366e+18
8.41658e+17
7.00987e+17
5.08484e+17
3.60751e+17
2.79788e+17
1.14355e+17
2.37869e+17
9.881e+17
1.81436e+18
2.00894e+18
1.08227e+18
6.98725e+16
4.9122e+17
1.60053e+18
1.60335e+18
9.93152e+17
2.32342e+17
9.47736e+16
4.55134e+17
1.14462e+18
1.88096e+18
1.86238e+18
8.1671e+18
5.26329e+19
8.50422e+19
8.57706e+19
6.73635e+17
1.7005e+17
5.13676e+17
1.77542e+18
4.23163e+18
4.27179e+18
2.32251e+18
7.47239e+17
1.5356e+17
5.86971e+16
1.60873e+17
6.17486e+17
1.67617e+18
9.78564e+18
5.43208e+19
9.461e+19
8.81459e+19
7.29042e+19
2.43813e+19
1.03732e+18
1.44075e+18
4.35718e+17
3.69885e+16
4.4092e+17
1.0561e+19
5.73691e+18
