# Plot index: 0
# FFT size: 66
# Segment size: 4
3.98682e+17
5.01234e+17
7.04644e+17
6.587e+17
3.69909e+17
1.04335e+17
8.36246e+16
3.81985e+17
6.61735e+17
3.90649e+17
2.60005e+17
6.2756e+17
7.44675e+17
4.26595e+17
1.80899e+17
5.18053e+16
6.7338e+17
1.52709e+18
2.04197e+18
2.03951e+18
9.61576e+17
9.24217e+16
1.19587e+17
9.6334e+17
1.98706e+18
2.00369e+18
1.55599e+18
7.99821e+17
8.64372e+16
1.84178e+17
5.47092e+17
9.76712e+17
3.94835e+17
5.80563e+17
6.90441e+17
2.34985e+18
3.40296e+18
3.66577e+18
2.78313e+18
9.03741e+17
8.35625e+17
8.52321e+17
5.34968e+17
3.15796e+17
4.32799e+17
5.12401e+17
7.27413e+17
7.1723e+17
6.42033e+17
8.6242e+17
8.64955e+17
7.3329e+17
2.0344e+17
5.55786e+16
2.36621e+17
1.91436e+17
2.8206e+16
1.62433e+17
7.00058e+17
9.17189e+17
9.05662e+17
8.85257e+17
8.11763e+17
3.75902e+17
1.88523e+16
7.77597e+17
