# Plot index: 3
# FFT size: 66
# Segment size: 4
7.88023e+17
2.47827e+18
3.4657e+18
2.49401e+18
1.11352e+18
5.1564e+17
2.10177e+17
2.85697e+17
2.22467e+18
4.21456e+18
5.08097e+18
4.85433e+18
2.47532e+18
9.21488e+17
8.65619e+17
1.51471e+18
3.17843e+18
4.541e+18
3.59487e+18
1.77492e+18
3.63245e+17
2.47937e+17
1.37009e+18
1.9064e+18
6.98931e+17
5.69426e+17
2.20584e+18
2.07528e+18
8.29416e+17
2.88912e+17
1.04854e+18
2.08522e+18
2.28098e+18
2.49548e+18
2.42433e+18
1.96101e+18
2.06247e+18
3.76843e+18
5.11294e+18
5.0228e+18
5.58447e+18
3.57265e+18
5.97387e+17
1.33867e+15
4.50311e+17
1.77313e+18
2.43777e+18
2.02278e+18
8.73093e+17
2.30399e+17
5.07598e+17
1.11498e+18
7.85088e+17
3.27415e+18
4.44639e+19
1.06798e+20
1.14421e+20
1.06114e+20
5.56193e+19
6.45776e+18
1.71673e+17
2.07249e+17
2.34525e+17
3.5827e+17
3.09548e+17
5.37813e+17
