# Plot index: 2
# FFT size: 66
# Segment size: 4
1.69816e+18
1.25156e+18
1.2642e+18
1.73808e+18
2.0116e+18
2.33973e+18
2.73174e+18
2.77105e+18
2.08478e+18
3.2481e+18
8.42679e+19
5.1846e+20
8.66491e+20
8.80711e+20
7.39709e+20
2.43336e+20
1.54596e+19
4.80828e+17
2.60639e+19
7.62066e+19
8.21752e+19
7.1832e+19
3.13334e+19
1.3441e+18
1.92398e+18
1.95616e+18
3.25345e+18
3.4357e+18
2.50221e+18
1.91113e+18
4.482e+17
7.45995e+17
8.00794e+17
1.75015e+18
4.94585e+18
8.6637e+18
1.07612e+19
5.1123e+18
1.66232e+18
2.23725e+18
1.30345e+19
3.56092e+19
4.33695e+19
4.42725e+19
2.45038e+19
5.2819e+18
4.05751e+18
3.41191e+19
1.25724e+20
1.6726e+20
1.71118e+20
1.32079e+20
3.49677e+19
2.8443e+18
1.19007e+18
1.38958e+19
2.65981e+19
2.25878e+19
1.67441e+19
3.42799e+18
3.97173e+17
8.29183e+17
6.1643e+17
3.60693e+18
5.49151e+18
5.63325e+18
