# Plot index: 0
# FFT size: 66
# Segment size: 4
1.65266e+19
8.88201e+18
2.17436e+18
1.14298e+17
9.75768e+17
1.38415e+18
1.83608e+18
4.51592e+18
7.15661e+17
5.15121e+17
3.30172e+17
3.13228e+17
3.1324e+16
2.01601e+17
5.58223e+17
8.65043e+17
1.0084e+18
6.10928e+17
4.17567e+17
5.23709e+17
2.91599e+17
8.22809e+16
8.35366e+16
1.97581e+17
2.8009e+17
4.78256e+17
4.85461e+17
3.65815e+17
5.84835e+17
8.95853e+17
7.34985e+17
3.8138e+17
6.11975e+16
1.43612e+17
5.75244e+17
5.09197e+17
6.84651e+17
8.19673e+17
8.38983e+17
7.29324e+17
4.51781e+17
1.59398e+17
3.45776e+16
7.5426e+15
2.66358e+16
1.90574e+17
9.35526e+17
1.34783e+18
9.19775e+17
6.72684e+17
3.32143e+17
1.74281e+17
3.69992e+17
3.03266e+17
5.74243e+17
1.09732e+18
1.00478e+18
5.69661e+17
2.61751e+17
6.54755e+17
6.14718e+17
6.57753e+17
5.54339e+17
4.07232e+17
2.29552e+17
1.62506e+17
