# Plot index: 1
# FFT size: 66
# Segment size: 4
1.11275e+19
1.18879e+20
2.90095e+20
2.99305e+20
2.83574e+20
1.52519e+20
1.91998e+19
1.20411e+18
8.39992e+17
7.77984e+17
8.46298e+17
3.45736e+17
2.46257e+17
3.05974e+17
7.45005e+17
2.62057e+18
2.43418e+18
2.80874e+18
3.03962e+18
1.15018e+18
3.20743e+17
2.79057e+17
3.86373e+17
9.66851e+17
3.48007e+17
2.63032e+17
5.62698e+17
7.94962e+18
7.42856e+19
1.83856e+20
2.05894e+20
1.84596e+20
9.29837e+19
1.43986e+19
2.50985e+18
1.26312e+18
7.2612e+17
7.15229e+17
7.43565e+17
5.77654e+17
1.04861e+18
8.99957e+17
3.36172e+16
8.65112e+16
2.4962e+17
9.05551e+17
1.07624e+18
9.28842e+17
1.37435e+18
1.58735e+18
1.71835e+18
7.62987e+17
2.78597e+16
3.43884e+15
5.66655e+18
5.83912e+19
1.30367e+20
1.5359e+20
1.4554e+20
6.53368e+19
9.43577e+18
1.12054e+18
1.10252e+17
3.79229e+16
4.11421e+17
1.48452e+18
