# Plot index: 3
# FFT size: 66
# Segment size: 4
6.45288e+18
5.92934e+18
4.91503e+19
2.41961e+20
3.63542e+20
3.88967e+20
3.34801e+20
1.0334e+20
7.02245e+17
1.30336e+18
7.95572e+17
1.67658e+17
1.41785e+17
3.85498e+17
1.09387e+18
2.26284e+18
1.47366e+18
4.30124e+17
1.84967e+18
2.97361e+18
2.80694e+18
1.61626e+18
8.87036e+17
1.05391e+18
9.34898e+17
2.83514e+17
7.19063e+16
1.53286e+17
1.8633e+17
3.20329e+17
1.53667e+18
3.30368e+18
3.51774e+18
2.41264e+18
5.99712e+17
1.24363e+18
3.90258e+18
3.3321e+18
1.857e+18
7.93184e+17
1.10604e+18
2.51937e+18
5.27405e+18
5.43582e+18
2.2174e+18
1.22545e+17
1.98112e+17
1.04795e+18
9.84247e+17
2.76511e+17
2.48536e+17
3.10605e+17
3.67442e+17
2.24838e+18
2.10547e+19
6.53316e+19
8.20509e+19
8.49256e+19
6.30381e+19
1.89866e+19
5.00377e+18
3.43424e+18
2.73433e+18
3.07514e+18
1.64465e+18
2.52657e+18
