# Plot index: 1
# FFT size: 66
# Segment size: 4
5.16416e+18
2.03293e+18
1.35622e+19
1.62858e+20
3.30896e+20
3.51454e+20
3.4281e+20
1.49751e+20
1.66415e+19
1.46576e+18
4.4118e+17
8.445e+16
7.08188e+16
1.28085e+17
2.70708e+17
1.38308e+18
2.39253e+18
1.84343e+18
1.55469e+18
1.20934e+18
1.34585e+18
2.44647e+18
2.55382e+18
1.49532e+18
8.68989e+17
1.84089e+18
5.75471e+18
9.02996e+18
8.57265e+18
5.19073e+18
1.16386e+18
4.05163e+18
3.92487e+19
7.45041e+19
8.28633e+19
8.13948e+19
3.52645e+19
6.88692e+18
2.92945e+18
3.10061e+18
3.5207e+18
3.31911e+18
1.47827e+18
8.37879e+17
1.74616e+18
1.65073e+18
9.12532e+17
5.41609e+17
3.29013e+17
8.65667e+17
9.13657e+17
4.50812e+17
8.95226e+16
1.61241e+17
1.07547e+19
6.38466e+19
9.81658e+19
9.97406e+19
7.51003e+19
2.07114e+19
1.92901e+18
9.4044e+17
1.27746e+18
1.77738e+18
2.29552e+17
1.62506e+17
