# Plot index: 3
# FFT size: 66
# Segment size: 4
3.68245e+17
1.37107e+18
2.83367e+18
2.02892e+18
2.48735e+17
8.41251e+17
3.14871e+18
3.20714e+18
1.65276e+18
3.12556e+17
4.94016e+17
1.29348e+18
1.37392e+18
4.1681e+17
4.02523e+17
2.10846e+18
3.85255e+18
4.98106e+18
3.12832e+18
1.11982e+18
6.00324e+17
4.2334e+17
2.54913e+17
6.64741e+17
1.23758e+18
1.11887e+18
1.31506e+18
1.40521e+18
1.61988e+18
2.22208e+18
2.43217e+18
2.057e+18
1.1557e+17
3.30247e+16
4.88381e+18
4.72572e+19
8.66453e+19
1.01491e+20
9.52232e+19
3.62503e+19
1.03308e+18
8.40382e+17
2.51486e+18
3.56639e+18
2.38885e+18
8.04859e+17
5.87291e+17
7.95463e+17
7.78699e+17
1.91289e+17
8.96801e+17
1.0722e+18
6.06066e+17
9.5876e+17
2.15935e+19
7.72401e+19
9.82613e+19
1.02657e+20
7.30804e+19
1.81694e+19
2.27762e+18
1.05907e+18
7.72478e+17
4.15356e+17
3.8044e+17
2.24853e+17
