# Plot index: 2
# FFT size: 66
# Segment size: 4
3.23921e+17
3.52083e+18
6.91447e+18
5.62092e+18
4.37955e+18
6.47886e+17
1.68964e+19
2.59547e+20
7.52985e+20
8.69671e+20
8.1838e+20
4.64544e+20
6.74909e+19
2.99932e+18
1.66711e+18
2.07687e+18
3.11571e+18
2.92705e+18
1.82987e+18
1.16649e+18
2.78983e+18
4.03456e+19
8.31675e+19
8.36794e+19
7.34366e+19
2.26726e+19
2.28724e+18
2.17517e+19
3.13362e+19
2.97962e+19
2.53693e+19
8.22122e+18
8.55267e+17
4.84272e+17
1.46082e+18
3.63299e+18
3.38821e+18
1.51371e+18
2.08951e+17
4.27999e+18
4.06136e+19
1.26685e+20
1.58003e+20
1.49576e+20
1.07892e+20
2.99326e+19
6.41661e+18
5.10896e+18
4.55098e+18
5.84857e+18
5.84882e+18
1.93188e+18
4.29029e+17
3.77018e+17
8.31864e+18
2.47764e+19
2.69316e+19
2.58897e+19
1.36805e+19
1.78568e+18
3.15403e+18
3.96246e+18
2.85217e+18
3.38969e+18
1.47333e+18
8.73302e+17
