# Plot index: 1
# FFT size: 66
# Segment size: 4
3.34498e+17
4.93545e+17
8.55387e+17
1.7071e+18
3.41692e+18
4.56985e+18
5.58688e+18
8.3443e+18
3.4989e+20
9.02512e+19
5.97054e+18
9.38177e+17
1.16859e+18
1.30976e+18
1.46815e+18
1.82641e+18
2.14966e+18
2.15252e+18
2.28377e+18
2.7629e+18
1.43728e+18
6.78205e+17
1.32642e+18
4.37094e+18
9.08207e+18
9.14195e+18
8.60384e+18
6.94166e+18
3.68528e+18
3.6839e+18
5.72698e+18
6.47746e+18
5.04204e+18
2.68414e+18
4.77823e+18
4.08258e+19
9.84979e+19
1.11951e+20
1.10503e+20
6.08279e+19
1.17409e+19
2.10186e+18
6.13082e+17
9.85609e+16
5.33825e+17
7.79463e+17
3.96006e+17
3.8288e+17
1.05705e+18
1.92048e+18
1.18251e+18
5.10967e+17
1.09671e+18
6.60885e+18
4.57679e+19
9.30719e+19
9.68382e+19
9.0526e+19
4.25764e+19
6.68248e+18
6.02012e+18
8.66568e+18
9.00964e+18
7.39197e+18
3.77059e+18
1.90804e+18
