# Plot index: 0
# FFT size: 66
# Segment size: 4
3.01682e+20
3.61339e+19
2.69519e+17
4.51839e+17
1.22838e+17
1.5879e+17
1.99372e+18
1.58545e+19
4.19343e+19
5.2227e+19
4.66392e+19
1.98319e+19
2.57364e+18
1.12455e+18
7.06744e+17
2.3684e+17
1.77591e+16
3.2542e+17
9.04154e+18
2.9413e+19
3.40879e+19
3.77827e+19
2.92779e+19
6.02712e+18
8.38832e+17
8.98303e+17
3.93647e+17
2.75437e+16
3.44315e+18
5.91841e+19
2.0699e+20
2.64331e+20
2.44154e+20
1.47422e+20
2.41277e+19
9.65443e+17
1.03196e+18
7.0269e+17
5.57704e+16
1.0285e+18
7.86826e+18
2.87833e+19
3.91285e+19
3.04264e+19
1.68873e+19
3.37226e+18
9.36534e+17
9.45361e+17
5.28575e+17
6.21814e+17
3.84642e+18
3.67472e+19
1.3737e+20
1.87859e+20
1.72439e+20
1.2418e+20
3.2113e+19
1.81997e+18
9.00688e+17
1.03905e+18
1.01305e+18
2.76996e+18
1.11129e+19
3.11715e+19
4.03998e+19
3.18669e+19
