# Plot index: 0
# FFT size: 66
# Segment size: 4
3.70367e+17
7.67517e+17
9.98396e+17
1.05804e+18
5.8644e+17
1.09063e+18
2.15289e+18
2.99437e+18
2.37328e+18
9.71695e+17
1.69777e+17
1.63463e+17
4.43383e+17
8.0068e+17
4.35164e+17
2.35925e+17
1.10188e+17
1.34028e+17
8.96951e+17
1.93825e+18
3.35452e+18
4.02481e+18
3.09068e+18
1.76612e+18
1.67408e+18
2.64666e+18
3.41007e+18
2.59989e+18
1.08798e+18
2.89879e+17
5.23939e+16
2.38545e+17
3.98835e+17
1.00436e+18
1.36188e+18
9.98352e+17
7.64521e+17
4.82073e+17
1.17971e+18
2.43099e+18
2.42431e+18
1.66797e+18
1.09552e+18
1.43255e+18
1.83032e+18
1.76195e+18
1.45924e+18
6.91925e+17
1.18908e+18
9.10319e+17
1.83173e+17
7.81309e+16
2.41794e+17
4.11416e+17
6.13982e+16
8.30909e+17
1.00112e+18
1.32116e+18
1.50816e+18
1.14246e+18
1.61247e+18
8.31926e+17
6.66867e+17
1.46876e+18
2.43907e+18
3.17007e+18
