# Plot index: 1
# FFT size: 66
# Segment size: 4
2.40426e+19
1.64149e+20
3.15793e+20
3.2103e+20
2.83306e+20
1.14784e+20
8.83875e+18
3.59645e+18
4.62628e+18
2.56776e+18
1.70621e+18
1.31586e+18
1.5001e+17
1.03058e+18
5.26207e+18
9.85369e+18
9.35708e+18
5.34951e+18
1.69245e+18
2.68364e+17
9.26382e+17
1.63832e+18
9.71143e+17
2.44367e+17
8.64747e+17
2.23255e+18
4.20275e+18
1.94991e+19
9.4308e+19
1.64891e+20
1.63844e+20
1.50772e+20
6.72592e+19
1.00071e+19
3.64124e+18
2.52733e+18
8.97515e+17
1.51264e+17
1.22068e+17
1.125e+18
3.51381e+18
6.22511e+18
8.81844e+18
8.38374e+18
4.61745e+18
1.37176e+18
1.34368e+17
1.2412e+18
2.22435e+18
1.31388e+18
4.32954e+17
3.56235e+17
8.69107e+17
1.41576e+18
6.56426e+18
5.21156e+19
1.07071e+20
1.15128e+20
1.11539e+20
5.0338e+19
5.73427e+18
7.1832e+17
3.19963e+17
1.32657e+17
3.06314e+17
1.09108e+18
