# Plot index: 2
# FFT size: 66
# Segment size: 4
2.46376e+17
3.63911e+17
1.31332e+17
5.12846e+16
3.50701e+17
4.16707e+18
8.34352e+18
9.24422e+18
7.97037e+18
1.80167e+18
1.67011e+19
2.72921e+20
7.73917e+20
8.83605e+20
8.37879e+20
4.62986e+20
6.28538e+19
1.63059e+19
6.84089e+19
1.02379e+20
1.06226e+20
8.90787e+19
2.74927e+19
1.50409e+18
6.41017e+17
1.18171e+18
2.25705e+18
4.24429e+18
2.91162e+18
1.28896e+18
5.41373e+17
1.96652e+16
1.61384e+16
7.82296e+16
8.99204e+17
3.56227e+18
8.9092e+18
1.07164e+19
7.9587e+18
5.99962e+18
1.82866e+18
1.74674e+18
1.92459e+19
4.0647e+19
4.4164e+19
4.01358e+19
1.56386e+19
1.82095e+17
2.62897e+19
1.05883e+20
1.39185e+20
1.2851e+20
8.01163e+19
1.23577e+19
2.06725e+18
1.37537e+19
2.54343e+19
2.79249e+19
2.51643e+19
8.7905e+18
2.96473e+17
4.36444e+17
1.29748e+18
1.90953e+18
2.4136e+18
1.70525e+18
