# Plot index: 0
# FFT size: 66
# Segment size: 4
1.11033e+18
1.16478e+18
1.49279e+18
1.57808e+18
9.80787e+17
3.58973e+17
1.08776e+17
2.32727e+17
8.0043e+17
8.70528e+17
4.35584e+17
7.70202e+16
2.45636e+17
6.50587e+17
1.27607e+18
1.37869e+18
8.20893e+17
3.25509e+17
3.79419e+17
1.36782e+18
3.09766e+18
2.76575e+18
1.33861e+18
7.32993e+17
1.72553e+18
2.93235e+18
1.74066e+18
5.91076e+17
6.3653e+17
1.70088e+18
3.28149e+18
3.21781e+18
1.5731e+18
3.1778e+17
3.96214e+15
1.5972e+17
2.88886e+17
7.40655e+17
5.61732e+17
5.85763e+16
6.77296e+16
4.957e+17
1.45699e+18
1.84921e+18
1.72809e+18
1.59041e+18
1.63706e+18
9.47233e+17
4.60502e+17
5.79102e+17
7.24308e+17
9.91959e+17
6.92859e+17
4.50887e+17
8.61078e+17
2.29828e+18
3.50042e+18
4.75349e+18
4.69565e+18
3.02321e+18
2.40209e+18
2.40894e+18
2.29548e+18
2.2099e+18
2.23062e+18
1.8816e+18
