# Plot index: 3
# FFT size: 66
# Segment size: 4
4.27025e+17
8.3316e+17
1.22985e+18
1.97023e+18
5.19866e+18
1.18567e+19
1.4499e+19
1.30481e+19
1.4117e+18
1.28308e+18
1.02025e+18
6.91472e+17
2.148e+17
2.13983e+17
1.1894e+18
3.84752e+18
6.50984e+18
8.47028e+18
6.99904e+18
2.71861e+18
9.39825e+17
5.63446e+17
4.21032e+17
1.00345e+18
1.28194e+18
4.5973e+17
5.47113e+16
4.72224e+17
1.62777e+18
1.83591e+18
5.43113e+17
6.6417e+16
1.88776e+16
3.0336e+15
9.4658e+17
5.32369e+18
7.46251e+18
6.65712e+18
4.80974e+18
2.05069e+18
1.53595e+18
1.64787e+18
1.12433e+18
5.10924e+17
4.17071e+16
2.91769e+17
7.83015e+17
1.13312e+18
1.66588e+18
9.01852e+17
6.26436e+17
1.13088e+18
1.90393e+18
5.13073e+18
1.95254e+19
6.19152e+19
9.00853e+19
7.88468e+19
5.17649e+19
1.13937e+19
1.10879e+14
8.16171e+17
6.42709e+17
1.0052e+17
9.35028e+16
5.11451e+17
