# Plot index: 2
# FFT size: 66
# Segment size: 4
3.27016e+18
4.26368e+18
3.67596e+18
1.15685e+18
4.63791e+19
2.98472e+20
4.97109e+20
5.2606e+20
4.76483e+20
7.37596e+20
7.35076e+20
5.84257e+20
1.65007e+20
9.22534e+18
1.72219e+18
4.70133e+18
9.55946e+18
8.54748e+18
6.50089e+18
7.97407e+18
3.10514e+19
1.07184e+20
1.52794e+20
1.57206e+20
1.23128e+20
3.27002e+19
1.50964e+18
1.66235e+17
7.86095e+18
2.97554e+19
3.54009e+19
3.22055e+19
2.1508e+19
6.51926e+18
3.48568e+18
6.27222e+18
1.22891e+19
1.51078e+19
8.06751e+18
3.45886e+18
1.36699e+16
2.76621e+19
9.88591e+19
1.10863e+20
9.8965e+19
5.68789e+19
6.97809e+18
7.08895e+15
8.80827e+17
6.88312e+18
1.25663e+19
9.91518e+18
7.91203e+18
8.17262e+18
1.95372e+19
4.66511e+19
6.40822e+19
7.22907e+19
4.77533e+19
1.08792e+19
9.76483e+17
4.86858e+16
3.61051e+18
7.43834e+18
4.45422e+18
2.40095e+18
