# Plot index: 3
# FFT size: 66
# Segment size: 4
1.78982e+18
6.23075e+18
1.31466e+19
1.91435e+19
1.90061e+19
1.26951e+19
4.45767e+18
7.18648e+17
2.00985e+18
2.0596e+18
1.86792e+18
1.99427e+18
1.14145e+18
6.55255e+17
1.02979e+18
5.32877e+17
6.46373e+17
2.81558e+18
5.88419e+18
4.62885e+18
2.14185e+18
1.79249e+18
2.50378e+18
2.7897e+18
4.2929e+18
6.0237e+18
5.79668e+18
6.50337e+18
5.36061e+18
3.59702e+18
3.10827e+18
1.78408e+18
9.02059e+17
8.8523e+17
7.58314e+17
1.51813e+18
3.73023e+18
5.15092e+18
6.40196e+18
3.70762e+18
3.85008e+17
1.84789e+17
9.78464e+17
1.77102e+18
2.41246e+18
2.14459e+18
6.3295e+17
6.61428e+16
1.70137e+18
3.55377e+18
4.15478e+18
3.31102e+18
4.37088e+17
2.57749e+18
2.47982e+19
7.73205e+19
1.00829e+20
9.18368e+19
5.78925e+19
1.49033e+19
4.43846e+18
2.03997e+18
5.06327e+17
9.82201e+17
2.02351e+18
2.14847e+18
