# Plot index: 0
# FFT size: 66
# Segment size: 4
5.05224e+20
1.26978e+20
1.36952e+19
4.54659e+18
1.13043e+18
2.16687e+17
1.61536e+18
2.516e+19
4.95525e+19
4.74101e+19
4.58361e+19
1.8366e+19
6.95655e+18
6.2108e+18
4.61823e+18
1.69506e+18
6.92184e+17
4.80951e+17
1.31132e+18
2.5691e+19
6.1816e+19
7.04162e+19
8.46938e+19
5.04722e+19
1.04039e+19
3.80681e+18
2.74846e+18
2.023e+18
2.39698e+17
2.12441e+19
1.12521e+20
1.65228e+20
1.70538e+20
1.14967e+20
2.28244e+19
3.34625e+18
3.42836e+18
1.94127e+18
5.80679e+17
1.01304e+18
7.51312e+18
1.78272e+19
2.6915e+19
2.87577e+19
1.27188e+19
1.45278e+18
7.68897e+16
1.11683e+18
1.77939e+18
1.25731e+18
1.77556e+17
3.40387e+18
3.30111e+19
6.91767e+19
7.16133e+19
5.79307e+19
2.07851e+19
1.41262e+18
9.79162e+17
9.77836e+17
6.57882e+17
1.37253e+18
5.61585e+18
1.50927e+19
2.60597e+19
3.16355e+19
