# Plot index: 1
# FFT size: 66
# Segment size: 4
1.13897e+19
4.72848e+19
2.54549e+20
4.49735e+20
4.2759e+20
3.58478e+20
1.36488e+20
8.66697e+18
2.70928e+17
1.48794e+17
1.55924e+18
2.35466e+18
2.05229e+18
1.18864e+18
4.26386e+17
7.96115e+17
2.08757e+18
4.52331e+18
5.27657e+18
3.30117e+18
1.22628e+18
1.50042e+17
1.60422e+16
3.2989e+17
1.57299e+18
3.11668e+18
5.92332e+18
7.09647e+18
6.0768e+18
6.70448e+18
3.4876e+19
7.17946e+19
7.13373e+19
5.29258e+19
1.19159e+19
1.22631e+18
3.96247e+18
2.67006e+18
1.00299e+18
4.35938e+17
5.43959e+17
3.1948e+17
4.71978e+16
6.27927e+16
5.02932e+17
1.83919e+18
2.40371e+18
2.08853e+18
1.53266e+18
1.36559e+18
2.10765e+18
3.47045e+18
3.34426e+18
3.76139e+18
2.21684e+19
7.82355e+19
1.13352e+20
1.28837e+20
9.27045e+19
2.08788e+19
1.16129e+18
5.49995e+17
2.0207e+18
3.80925e+18
5.05118e+18
3.74961e+18
