# Plot index: 0
# FFT size: 66
# Segment size: 4
1.33498e+18
1.53813e+18
1.70423e+18
1.78791e+18
1.3541e+18
4.46722e+17
4.07657e+16
2.44513e+17
8.50878e+17
1.58813e+18
2.9959e+18
3.39859e+18
2.44846e+18
1.29291e+18
1.93074e+17
1.68637e+17
1.09938e+18
2.14205e+18
2.87917e+18
3.33766e+18
4.20934e+18
5.14147e+18
5.63622e+18
5.35294e+18
4.6016e+18
4.04907e+18
4.0524e+18
4.55606e+18
4.39716e+18
3.16046e+18
1.16627e+18
9.92874e+15
7.29566e+17
2.07868e+18
3.13389e+18
3.20447e+18
1.75125e+18
7.78212e+17
3.20824e+17
1.8122e+17
8.07884e+17
1.63588e+18
1.6839e+18
1.1394e+18
7.95807e+17
8.27285e+17
1.06107e+18
1.13884e+18
7.63895e+17
1.71875e+18
3.56926e+18
3.19505e+18
2.14139e+18
1.31359e+18
7.83329e+17
9.3427e+17
1.53977e+18
1.97693e+18
9.76414e+17
1.03063e+17
4.92088e+15
7.11867e+16
1.97678e+17
2.40424e+17
3.01193e+17
3.46093e+17
