# Plot index: 3
# FFT size: 66
# Segment size: 4
2.63214e+18
6.43177e+17
3.93849e+17
6.96578e+17
1.843e+18
2.69133e+18
3.51856e+18
5.43059e+18
5.37899e+18
2.70868e+18
7.17529e+17
8.38294e+17
1.30272e+18
1.01955e+18
1.81946e+17
1.11986e+18
5.03569e+18
6.8678e+18
5.86055e+18
2.68413e+18
4.19992e+17
1.45917e+17
1.16858e+17
6.85343e+17
6.29516e+17
9.51414e+17
1.10991e+18
3.36264e+17
2.30222e+17
1.97552e+17
4.59383e+16
2.04617e+16
3.94835e+17
5.80563e+17
6.90441e+17
2.34985e+18
3.40296e+18
3.66577e+18
2.78313e+18
9.03741e+17
9.72687e+16
3.47346e+17
9.66001e+17
7.7197e+17
9.36194e+17
1.43887e+18
9.12403e+17
2.65533e+17
5.9354e+16
8.91009e+16
1.6426e+17
1.15171e+17
3.27551e+17
1.92069e+18
1.10211e+19
5.15937e+19
9.25052e+19
8.94165e+19
7.65823e+19
3.47783e+19
5.88862e+18
1.16017e+18
3.11708e+17
9.67976e+16
2.51307e+17
1.26547e+18
