# Plot index: 0
# FFT size: 66
# Segment size: 4
7.34832e+17
3.14705e+17
9.20257e+16
1.09896e+17
4.07637e+17
1.15268e+18
2.50685e+18
3.1663e+18
1.84309e+18
3.78073e+17
2.64211e+17
8.65508e+17
1.29172e+18
1.07745e+18
6.62812e+17
2.75611e+17
5.7826e+16
5.21113e+16
4.10579e+17
6.73574e+17
7.20633e+17
4.51287e+17
4.71338e+16
6.8895e+16
2.87195e+17
4.28929e+17
3.54847e+17
2.60616e+16
1.54319e+17
5.42761e+17
1.02253e+18
1.50328e+18
3.30204e+18
2.44918e+18
2.86489e+18
2.12367e+18
2.26624e+18
2.45846e+18
1.68748e+18
1.49617e+18
6.66889e+17
2.98334e+17
1.20799e+17
2.90969e+17
8.868e+17
1.38728e+18
8.94143e+17
6.48235e+17
1.6763e+18
2.13394e+18
1.96037e+18
2.1185e+18
1.7281e+18
1.48689e+18
6.71417e+17
8.45827e+17
1.63327e+18
2.26801e+18
1.88389e+18
9.26213e+17
4.57778e+17
5.80984e+17
2.19906e+18
4.61234e+18
4.95333e+18
2.63703e+18
