# Plot index: 0
# FFT size: 66
# Segment size: 4
5.43326e+17
4.8326e+17
1.09699e+18
3.28176e+18
4.56805e+18
4.31782e+18
5.42955e+18
5.87027e+18
4.06002e+18
2.93521e+18
1.59644e+18
6.75263e+17
3.32877e+17
1.52575e+16
2.0396e+17
7.09668e+17
1.92449e+18
1.07727e+18
9.1705e+17
8.67455e+17
5.63967e+17
7.30105e+17
1.91189e+18
3.01596e+18
9.99901e+17
1.27482e+18
1.28165e+18
1.39468e+18
1.58694e+18
5.82523e+17
3.85201e+16
1.13581e+15
1.24618e+17
4.418e+17
1.49992e+18
3.51763e+18
4.14519e+18
4.33483e+18
3.82739e+18
2.75491e+18
2.93017e+18
2.69832e+18
1.46163e+18
7.01781e+17
7.88544e+17
1.21967e+18
8.37162e+17
3.79123e+17
6.88245e+16
5.34111e+16
6.25838e+17
1.92886e+18
1.95695e+18
4.71412e+17
5.44493e+17
3.7298e+18
4.97867e+18
4.75405e+18
2.20901e+18
1.70252e+17
3.19386e+17
1.47623e+18
2.79009e+18
3.05928e+18
2.45105e+18
1.05256e+18
