# Plot index: 2
# FFT size: 66
# Segment size: 4
4.51542e+18
4.68563e+18
5.38869e+18
4.70342e+18
2.06778e+18
5.39166e+17
3.2184e+17
1.04311e+18
1.78949e+19
2.59597e+20
7.36396e+20
8.26785e+20
7.87269e+20
4.33972e+20
5.16216e+19
2.38761e+17
2.63241e+17
1.52934e+17
4.98568e+18
4.91925e+19
1.13027e+20
1.1871e+20
1.09142e+20
5.38099e+19
6.73172e+18
5.01385e+18
8.18726e+18
9.83411e+18
1.13482e+19
9.11082e+18
5.29902e+18
2.95166e+18
2.9545e+18
2.05917e+18
8.23281e+18
3.12842e+19
4.31944e+19
4.42465e+19
3.30026e+19
8.4197e+18
8.66868e+17
8.0133e+17
5.20687e+17
2.26994e+18
3.00579e+19
1.07885e+20
1.41722e+20
1.35593e+20
8.76902e+19
2.03579e+19
5.80365e+18
5.83611e+18
5.92941e+18
8.7382e+18
1.73935e+19
2.78412e+19
2.62054e+19
2.36237e+19
1.55309e+19
4.64978e+18
7.82831e+18
1.49951e+19
1.74403e+19
1.56121e+19
8.63382e+18
2.70626e+18
