# Plot index: 1
# FFT size: 66
# Segment size: 4
1.37452e+18
4.24686e+17
8.85237e+16
6.35923e+17
4.82776e+19
3.06588e+20
5.16466e+20
5.41229e+20
4.37328e+20
1.31614e+20
7.50887e+18
3.50111e+17
2.27555e+17
4.55113e+17
8.09672e+17
3.70328e+17
1.79388e+17
7.64884e+17
1.34523e+18
1.47326e+18
6.46503e+17
2.00151e+17
2.28357e+17
9.6047e+17
2.17198e+18
1.82261e+18
2.44672e+18
5.26709e+18
5.83303e+18
4.95413e+18
5.39745e+18
3.65588e+18
1.35626e+18
1.16348e+18
7.47153e+17
1.58604e+19
7.09066e+19
1.00012e+20
1.02658e+20
6.75667e+19
1.46045e+19
1.2911e+18
2.67092e+17
5.37694e+17
1.54375e+18
1.44666e+18
6.80064e+17
1.88494e+18
4.0819e+18
5.434e+18
4.13987e+18
1.66906e+18
4.7282e+17
3.355e+18
3.35464e+19
7.98623e+19
8.4585e+19
8.49716e+19
5.0803e+19
1.07739e+19
2.95846e+18
2.81617e+18
2.5347e+18
2.16015e+18
2.15219e+18
1.41822e+18
