# Plot index: 1
# FFT size: 66
# Segment size: 4
6.11857e+17
6.04229e+17
4.43656e+17
2.91159e+17
3.87936e+17
4.61894e+17
3.07803e+17
2.59145e+17
2.16577e+16
3.57303e+16
6.04269e+17
1.40985e+18
1.18625e+18
1.19473e+18
1.76301e+18
2.46398e+18
2.63154e+18
2.76009e+18
2.14106e+18
9.03341e+17
5.79256e+17
6.79051e+17
2.18621e+18
3.2854e+18
2.49557e+18
9.52062e+17
7.72191e+17
1.1906e+19
7.4406e+19
1.86902e+20
2.24725e+20
1.95844e+20
1.10437e+20
1.97828e+19
4.70233e+17
1.05058e+18
1.85035e+18
1.31612e+18
3.41648e+17
3.01551e+17
2.60621e+17
1.61814e+17
4.12402e+17
8.21933e+17
5.61846e+17
3.73361e+17
1.37195e+17
1.79497e+17
4.25151e+17
6.97815e+17
7.49086e+17
7.38004e+17
4.87759e+17
3.33699e+16
7.11108e+18
6.43191e+19
1.28712e+20
1.45111e+20
1.30684e+20
5.6995e+19
8.44316e+18
8.89764e+17
4.42494e+17
5.85238e+17
1.14228e+18
1.05475e+18
