# Plot index: 3
# FFT size: 66
# Segment size: 4
2.7056e+18
2.40321e+18
2.27526e+18
1.75167e+18
2.77128e+18
3.59902e+18
3.7661e+18
2.06662e+18
6.20602e+17
9.63435e+17
1.79082e+18
2.41923e+18
3.09438e+18
3.61571e+18
1.42628e+18
1.50347e+18
2.03961e+18
2.00894e+18
1.68343e+18
6.85192e+17
1.26566e+18
1.8857e+18
1.83942e+18
7.82737e+17
1.13105e+16
8.7986e+16
1.34438e+15
1.82507e+17
1.30735e+18
2.83006e+18
2.87222e+18
2.46398e+18
2.2929e+18
1.89709e+18
2.52002e+18
6.072e+18
8.89482e+18
7.8527e+18
5.10332e+18
1.47127e+18
8.2307e+17
1.89104e+18
3.03467e+18
3.56356e+18
2.06102e+18
4.89072e+17
1.97994e+17
6.09743e+17
9.75987e+17
9.4871e+17
1.57883e+18
3.02863e+18
3.00989e+18
2.42645e+18
6.69088e+18
3.42595e+19
6.40492e+19
6.19192e+19
5.06829e+19
1.84981e+19
2.46209e+18
1.00293e+18
8.13398e+17
5.69077e+17
1.39286e+17
1.00403e+17
