# Plot index: 1
# FFT size: 66
# Segment size: 4
2.11492e+18
1.86118e+18
1.5456e+18
3.03978e+18
4.54017e+19
2.67988e+20
4.10747e+20
3.99603e+20
3.29503e+20
8.95172e+19
1.7308e+18
7.08815e+17
1.29074e+18
5.1656e+17
9.77894e+17
3.91132e+18
6.24458e+18
4.44819e+18
1.14448e+18
2.92435e+17
1.50791e+18
2.19629e+18
2.71192e+18
5.11547e+18
9.11256e+18
1.12417e+19
1.1117e+19
8.53769e+18
3.45868e+18
2.47996e+18
4.09769e+18
5.16636e+18
2.97131e+18
2.97027e+18
8.79163e+18
3.32879e+19
8.47879e+19
9.76693e+19
9.37478e+19
6.14293e+19
1.14219e+19
2.96634e+17
4.07839e+17
1.05387e+18
1.08764e+18
1.79791e+18
2.17707e+18
2.92821e+18
3.69223e+18
2.85502e+18
2.22915e+18
1.68484e+18
1.04364e+18
3.60585e+18
3.05946e+19
8.18729e+19
9.86971e+19
1.01639e+20
5.99609e+19
1.02803e+19
2.89647e+18
3.14917e+18
1.77416e+18
7.8776e+17
2.63708e+18
5.97312e+18
