# Plot index: 0
# FFT size: 66
# Segment size: 4
2.88271e+18
2.34816e+18
1.59281e+18
1.103e+18
4.25221e+17
3.76295e+16
8.1403e+16
7.95423e+16
1.32736e+16
1.36904e+16
1.66387e+17
2.73707e+17
2.87159e+17
1.13771e+17
3.09371e+16
1.13919e+17
1.92919e+17
3.74039e+17
9.63884e+17
1.86722e+18
2.28885e+18
2.1258e+18
1.9474e+18
1.79186e+18
1.7128e+18
1.5866e+18
1.12258e+18
5.76282e+17
2.47918e+17
1.32566e+17
4.00361e+16
6.65518e+16
4.00006e+17
5.8389e+17
4.06729e+17
1.54888e+17
1.01922e+17
9.52395e+16
1.29104e+17
1.0312e+17
1.76782e+17
7.25088e+17
1.33169e+18
1.99836e+18
2.92054e+18
3.44231e+18
3.16966e+18
1.89534e+18
8.13125e+17
3.17786e+17
2.87093e+17
5.65949e+17
6.77657e+17
2.49813e+17
4.52916e+16
4.12195e+17
7.05143e+17
6.79626e+17
6.30604e+17
3.95356e+17
1.99459e+17
2.68489e+17
7.02289e+17
8.15578e+17
2.35096e+18
2.10639e+18
