# Plot index: 2
# FFT size: 66
# Segment size: 4
8.26818e+17
4.28763e+17
4.71139e+18
6.56407e+18
4.82185e+18
2.67398e+18
2.82324e+19
2.81607e+20
6.57199e+20
7.18244e+20
6.82442e+20
3.40065e+20
4.12352e+19
3.75069e+18
2.11137e+18
7.97454e+17
3.71052e+17
1.87149e+17
5.5803e+17
4.56825e+17
5.14674e+18
5.9733e+19
1.12981e+20
1.2282e+20
1.0422e+20
3.03836e+19
1.35722e+19
3.82935e+19
4.11721e+19
3.15748e+19
1.98761e+19
4.02429e+18
1.21223e+18
1.37014e+18
2.46765e+17
9.82447e+17
1.66489e+18
1.85754e+18
2.03019e+18
1.02792e+19
6.31578e+19
1.38455e+20
1.45964e+20
1.34727e+20
7.30344e+19
1.38907e+19
1.17039e+19
1.29933e+19
7.81925e+18
3.5007e+18
2.75777e+17
1.11499e+18
1.97049e+18
1.51359e+18
1.99056e+19
4.16816e+19
5.10369e+19
5.05622e+19
1.94536e+19
5.28925e+18
1.36051e+19
1.51623e+19
1.08126e+19
8.13435e+18
2.16032e+18
4.88673e+17
