# Plot index: 0
# FFT size: 66
# Segment size: 4
1.29928e+18
6.43971e+17
1.36911e+17
2.26595e+16
2.44756e+17
3.15539e+17
3.97992e+17
3.69423e+17
2.47114e+17
6.89654e+17
1.17899e+18
2.08096e+18
2.38472e+18
1.845e+18
1.0472e+18
3.52263e+17
3.51548e+16
1.68037e+17
6.86958e+17
1.06389e+18
1.13811e+18
1.01047e+18
7.66608e+17
9.99251e+17
1.18072e+18
9.7412e+17
5.52246e+17
1.31514e+17
2.7657e+15
1.61128e+17
6.09301e+17
1.33812e+18
2.01777e+18
2.42543e+18
1.84654e+18
1.16686e+18
6.82803e+17
4.90073e+17
7.71706e+17
7.69201e+17
5.98117e+17
2.5224e+17
2.60732e+16
4.23447e+17
1.13084e+18
1.49495e+18
1.49105e+18
1.75244e+18
2.06982e+18
1.36431e+18
5.96994e+17
1.96305e+17
2.12777e+16
4.9885e+16
1.31128e+17
3.49305e+17
6.88798e+17
1.81623e+18
2.45291e+18
1.05424e+18
8.58944e+16
1.72518e+17
7.07985e+17
8.46192e+17
5.21595e+17
1.98504e+17
