# Plot index: 0
# FFT size: 66
# Segment size: 4
4.19869e+17
2.3223e+17
1.2277e+17
1.81006e+17
1.21101e+17
7.26965e+16
1.05429e+17
1.91108e+17
2.49329e+17
3.21785e+17
3.20566e+17
2.39069e+17
3.01364e+17
2.29225e+17
1.7329e+17
2.78161e+17
8.27403e+16
3.18314e+16
1.43473e+17
2.00952e+17
2.70381e+17
3.47434e+17
3.01023e+17
3.66695e+17
3.19056e+17
1.8239e+17
1.14042e+17
9.49775e+16
1.30417e+17
1.24641e+17
2.24689e+17
2.63833e+17
2.08312e+17
3.08859e+17
3.01971e+17
3.14668e+17
2.84977e+17
1.06104e+17
1.30766e+17
1.84385e+17
9.74993e+16
7.13201e+16
1.86117e+17
2.32766e+17
3.70675e+17
4.33365e+17
3.29207e+17
3.5271e+17
1.28952e+17
9.57354e+16
1.46783e+17
5.97943e+16
1.37873e+17
2.28408e+17
1.61943e+17
4.72603e+17
3.05931e+17
1.77511e+17
3.39365e+17
2.50228e+17
1.84464e+17
1.14836e+17
1.67519e+17
1.04302e+17
5.31895e+16
2.89097e+17
