# Plot index: 1
# FFT size: 66
# Segment size: 4
2.36052e+17
4.07946e+17
3.81969e+17
2.72162e+17
3.13451e+18
8.42216e+19
3.57651e+20
4.68961e+20
4.33195e+20
2.82546e+20
4.44829e+19
1.33413e+18
6.26623e+18
5.05488e+18
3.24744e+18
2.10855e+18
1.91722e+18
1.89799e+18
2.03021e+18
1.83941e+18
9.7965e+17
4.94971e+17
1.26998e+18
3.89633e+18
5.09505e+18
6.43033e+18
7.35122e+18
4.31895e+18
2.53179e+18
1.32673e+18
7.33871e+17
7.67418e+17
1.20909e+18
1.34985e+18
1.05028e+18
1.07319e+18
6.95646e+18
5.02079e+19
1.02016e+20
9.87783e+19
7.94784e+19
2.60065e+19
5.17938e+17
2.83581e+18
2.1764e+18
7.85216e+17
1.5898e+17
8.84531e+16
3.87344e+16
2.19284e+17
8.04374e+17
1.87529e+18
2.88571e+18
3.82458e+18
2.98161e+19
6.76182e+19
8.16459e+19
9.46449e+19
5.14545e+19
9.0231e+18
2.28849e+18
1.73217e+18
1.78561e+18
3.13632e+18
4.28502e+18
3.03582e+18
