5.582813439265844e-37
5.2083994936480016e-37
2.334237467698159e-37
2.123013556431267e-38
1.0942994616240046e+18
3.790690461312614e+16
5.718897560492442e+16
7.345584641094451e+16
9.514649640763392e+16
8.627148765632922e+16
4.477140910840218e+16
1.6377414674284544e+16
6758045677780992.0
2539052863586304.0
2789095390576640.0
1956583357546496.0
1778904587042816.0
3666306490433536.0
6038470078234624.0
5477456081321984.0
3190941657595904.0
3069787341062144.0
1792093894737920.0
44818721931264.0
847553142718464.0
2654406021480448.0
3627267653632000.0
731211672584192.0
473191646494720.0
2353030582239232.0
4150295080730624.0
8504004107567104.0
1.4398007055220736e+16
1.3575069846470656e+16
6727593285910528.0
5284714592075776.0
6010462059626496.0
1.2230308069900288e+16
1.8066762750754816e+16
1.204227225419776e+16
8193707752816640.0
7162180625498112.0
4586034545295360.0
6160875035557888.0
1.144505705168896e+16
1.8141269695922176e+16
1.981027895476224e+16
2.1432234699390976e+16
2.4464470872948736e+16
3.1214211694592e+16
2.4390481471340544e+16
2.8128638469668864e+16
3.935944537276416e+16
4.078467443536691e+16
6.009261401518899e+16
1.2301996657528013e+17
2.157519783979909e+17
2.0264442540536627e+17
1.937407005027205e+17
2.5037870911297946e+17
4.210230683626373e+17
6.838848250435338e+17
2.0464992774248202e+18
1.5817846956069224e+19
5.949731416193578e+19
7.859430501426554e+19
7.37441173315875e+19
4.987898875229084e+19
1.327603445788364e+19
2.968127790890615e+18
1.2093484413443113e+18
6.359550516044759e+17
3.300438756430971e+17
2.454536357549179e+17
2.3197187085172736e+17
1.6519016310059827e+17
1.0455658936454349e+17
7.641988924126003e+16
6.788299320039834e+16
5.158070609405542e+16
2.674818444112691e+16
1.1955028583514112e+16
3576903256506368.0
2098980716544000.0
9149085646848000.0
1.7044775282671616e+16
1.7191571896139776e+16
9064863485657088.0
3000566158458880.0
1785901625638912.0
5642091304583168.0
8764593732059136.0
6103071218204672.0
1.1526408027242496e+16
2.606436551806157e+16
2.764809820123955e+16
2.2517079013851136e+16
1.927048961248461e+16
1.6641455304998912e+16
1.5910973709746176e+16
1.7929194948263936e+16
1.275565558464512e+16
8753051544322048.0
5290243288727552.0
1971731438764032.0
416865331445760.0
796484438065152.0
3584792037687296.0
8642788459544576.0
1.148655717318656e+16
1.6053801773432832e+16
1.929710767230157e+16
1.490919513653248e+16
1.1852819099287552e+16
8999301346754560.0
5381532818604032.0
5725758341251072.0
1.264253688348672e+16
2.6551601640505344e+16
3.541943350145843e+16
2.9763700307001344e+16
1.4419592487108608e+16
3238917247598592.0
5862184219312128.0
1.2203775909429248e+16
1.964589767144243e+16
2.2413849474891776e+16
1.818269250800845e+16
1.210537606119424e+16
5953172564606976.0
7239428296671232.0
9308308674445312.0
6986441301164032.0
2804718334115840.0
713006312849408.0
893692164440064.0
1354425855639552.0
2626727104741376.0
5260757264498688.0
4411758731067392.0
850752088047616.0
848252618407936.0
6647860976156672.0
1.0971385509707776e+16
9988249242042368.0
7431745121026048.0
3780504302125056.0
1315099927117824.0
17221894012928.0
2155540872429568.0
4961049614745600.0
6084138465492992.0
6033159351173120.0
3821709681491968.0
2361119347834880.0
2562884294934528.0
2425303070670848.0
1995070827921408.0
1466971312881664.0
613326363033600.0
88802492153856.0
423244028968960.0
2897303870373888.0
1.0451253159002112e+16
2.307623865863373e+16
4.16634376290304e+16
8.522757008523264e+16
1.1035994917489869e+17
9.80042731571118e+16
6.791053253070029e+16
2.710084635328512e+16
6750811342241792.0
8204874667786240.0
9200790610640896.0
5820657791139840.0
3461797059231744.0
9618198081044480.0
2.4115741003350016e+16
3.637558985831219e+16
2.450296022237184e+16
4523407479668736.0
4158042933297152.0
1.5066942842863616e+16
2.191361033895936e+16
1.5423702153822208e+16
9533341338435584.0
8563656908341248.0
1.520570894123008e+16
2.2369237649588224e+16
4.230528183671194e+16
5.670649615876096e+16
6.049584272480666e+16
7.4693355337941e+16
1.2669142487898522e+17
2.2014578148140646e+17
4.40766070949675e+17
5.863477670188155e+17
4.744332544311296e+17
2.638374873512018e+17
1.6413564555021517e+17
1.44791095669162e+17
5.738361063787725e+16
1.181361893277696e+16
8241027018129408.0
1.5800210798149632e+16
2.185510429445325e+16
1.2086014348623872e+16
7587825843175424.0
3393273003507712.0
1350981962956800.0
3531782746013696.0
6428135818002432.0
7639630128087040.0
4460367560310784.0
1250167537795072.0
92308485701632.0
139644628893696.0
442398710693888.0
530212706058240.0
326176191021056.0
6553808666624.0
458036250411008.0
1270612924301312.0
3784818596773888.0
6316944483418112.0
6241089455390720.0
1.1099691215224832e+16
1.6809305848152064e+16
2.221327879713587e+16
2.7888614222331904e+16
2.045623988859699e+16
1.0068406216687616e+16
7577352565424128.0
2938998339141632.0
640407138467840.0
955100734423040.0
131317811380224.0
820506257260544.0
3367480114282496.0
7557692889497600.0
8284343373922304.0
2847948253691904.0
595682033401856.0
962443517886464.0
599459322920960.0
342015225102336.0
2774122597711872.0
3039864035475456.0
2720374303227904.0
2684046932967424.0
1834133839937536.0
817521791860736.0
460778654138368.0
255625414049792.0
3503716208476160.0
1.0514554534494208e+16
1.8011501554040832e+16
1.750849323794432e+16
1.5920970246127616e+16
1.3997344588562432e+16
2790608561242112.0
632701698703360.0
1970776613847040.0
4359083641536512.0
2783398384893952.0
861356697845760.0
9543632080076800.0
1.8177682428657664e+16
2.660943552262963e+16
3.5866258276614144e+16
2.695632285125837e+16
1.7029216763641856e+16
8278228414234624.0
880605734633472.0
352773715525632.0
1083044991598592.0
1375876935581696.0
1889744808050688.0
1603738103971840.0
1200422287048704.0
1894918364594176.0
1735696947609600.0
1410890851155968.0
2433706711056384.0
4214170371227648.0
5725922623750144.0
5329641560604672.0
3079470613266432.0
910737681678336.0
929810423480320.0
3559475084525568.0
5198942484561920.0
4760445114122240.0
4802905160810496.0
3698912808402944.0
961693844766720.0
766326452781056.0
462666426482688.0
1920418122301440.0
2518133420064768.0
505240860229632.0
156557245415424.0
414817772896256.0
688395143610368.0
1733645161201664.0
1895741387702272.0
1393930293739520.0
1312342155460608.0
1494963896451072.0
412206466334720.0
877179021819904.0
1845937483808768.0
4762306982445056.0
5148432595419136.0
1750653097476096.0
189490098339840.0
2836950184624128.0
1.250070632595456e+16
2.168690908017459e+16
2.9179337794125824e+16
3.035973009853645e+16
2.536579767730176e+16
3.001235099615232e+16
5.578030793621504e+16
7.983912988547482e+16
9.043806978991718e+16
1.3064962378930586e+17
2.2473916310513254e+17
2.7678655605060403e+17
3.119779718858015e+17
4.1763279297786675e+17
4.165246570557604e+17
1.7749965963001856e+17
4.168167835513651e+16
1.9398964969209856e+16
8449270654959616.0
2931816616951808.0
579008097943552.0
1004290256666624.0
2071817866969088.0
2011848580792320.0
1066058932813824.0
10221262995456.0
718085849874432.0
1062884079566848.0
1227854511603712.0
1195333690327040.0
4369254660964352.0
8946894692679680.0
9823867958722560.0
5618770169036800.0
2136898701099008.0
3607324509863936.0
8419060391870464.0
1.1285553777475584e+16
9601282352349184.0
5944080118841344.0
1.223681279787008e+16
2.575844144001843e+16
3.638683837766042e+16
3.926171339194368e+16
2.179620955540685e+16
1.0705621523365888e+16
9725093374590976.0
4628273938038784.0
2371247686025216.0
2114202617511936.0
3167453555195904.0
3844123773632512.0
4986816197296128.0
6872558632697856.0
7704041215754240.0
7352578136342528.0
6132150831153152.0
4434503535689728.0
2184009526280192.0
452893664608256.0
354425667321856.0
2649817922666496.0
5691060911079424.0
6709246259363840.0
5407170552135680.0
2166061260603392.0
1733405045686272.0
2153581159383040.0
3432680670625792.0
3952407683792896.0
4811225049333760.0
4620593999642624.0
2388200190377984.0
833658386644992.0
210775150952448.0
740270966571008.0
427476887011328.0
272427057676288.0
919369559310336.0
797791047647232.0
626076308996096.0
141392051437568.0
673821447159808.0
3024005137170432.0
5472610284470272.0
7684712789180416.0
1.0160930549661696e+16
5937072879697920.0
5998632645951488.0
1.76747567906816e+16
2.569486733410304e+16
1.869275208666317e+16
6970731384537088.0
2114183827030016.0
1939339869159424.0
4567306877272064.0
1.0088032069746688e+16
1.4250236557918208e+16
1.3923228485419008e+16
1.3524499827785728e+16
1.1704873582067712e+16
1.0054692386111488e+16
7862637178126336.0
4320076748554240.0
3335702456565760.0
4104756616232960.0
6535021447872512.0
1.1574412876709888e+16
1.7907724406751232e+16
2.261945814928589e+16
2.5665773225639936e+16
4.491023104134349e+16
9.791103800705024e+16
1.2287561272446157e+17
1.303755619261481e+17
1.4351137580358042e+17
1.0866157307717222e+17
3.925474695498957e+16
6098771419070464.0
2424858004684800.0
59694005616640.0
5738187439734784.0
1.6233914448216064e+16
1.1551468087672832e+16
3311407168749568.0
1.0624062241898496e+16
3.005638729583821e+16
3.165390038158541e+16
1.9919450580975616e+16
1.0043461046632448e+16
4904789301264384.0
3851547356168192.0
7740828684386304.0
1.1380448932397056e+16
1.1941636875485184e+16
8541510983221248.0
4928954397884416.0
5400523016503296.0
4953378266284032.0
3702214027640832.0
2467871296847872.0
545964901269504.0
4628506940014592.0
1.7303534177353728e+16
3.268601108758528e+16
3.342886648361779e+16
1.150265256312832e+16
1041790354325504.0
2003768807784448.0
4742915741974528.0
3984548266246144.0
3471587974053888.0
3241766153093120.0
1667640238014464.0
1445346555199488.0
2677465164021760.0
2335858766118912.0
1441202851282944.0
239273869574144.0
1135392858308608.0
1676136757067776.0
2651870648598528.0
3844817410850816.0
2814132633993216.0
524966168625152.0
223226965786624.0
353649855299584.0
46501384421376.0
42184904540160.0
210102636249088.0
3262422798303232.0
1.0837397562458112e+16
1.7256909086130176e+16
2.28558295269376e+16
2.2566857684811776e+16
1.8500696181571584e+16
1.6709195529191424e+16
1.1076219218952192e+16
4812259599581184.0
4451856814178304.0
2914943301058560.0
1373191507279872.0
1711398707003392.0
2148913603674112.0
3474633911173120.0
993034355343360.0
5770366945329152.0
1.2449171013369856e+16
1.2503440072638464e+16
6689546854989824.0
982613758050304.0
288884130840576.0
1522303108120576.0
3064671766577152.0
3002948254695424.0
2272083333611520.0
3003115221549056.0
3064759813406720.0
1522324582957056.0
288885875671040.0
982620066283520.0
6689619869433856.0
1.2503410007867392e+16
1.2449164570918912e+16
5770400768196608.0
993032677621760.0
3474572707889152.0
2148915482722304.0
1711366360530944.0
1373175132717056.0
2914986250731520.0
4451853592952832.0
4812379321794560.0
1.1076348067971072e+16
1.6709211635318784e+16
1.850070906647347e+16
2.2566857684811776e+16
2.285585314925773e+16
1.7256901569937408e+16
1.0837401857425408e+16
3262431388237824.0
210097636638720.0
42181087723520.0
46501384421376.0
353664216596480.0
223244497977344.0
524966806159360.0
2814128875896832.0
3844834322284544.0
2651839241650176.0
1676110450393088.0
1135392455655424.0
239269926928384.0
1441196006178816.0
2335879167213568.0
2677467579940864.0
1445365748334592.0
1667646009376768.0
3241762126561280.0
3471595758682112.0
3984557393051648.0
4742915741974528.0
2003769747308544.0
1041790018781184.0
1.150280288698368e+16
3.342916713132851e+16
3.268603470990541e+16
1.7303528808644608e+16
4628520898658304.0
545966679654400.0
2467884181749760.0
3702216711995392.0
4953361086414848.0
5400532680179712.0
4928958155980800.0
8541514204446720.0
1.1941563861041152e+16
1.1380415646400512e+16
7740783050358784.0
3851546550861824.0
4904983111663616.0
1.0043545872236544e+16
1.9919364681629696e+16
3.165381018727219e+16
3.005640447570739e+16
1.0624064389382144e+16
3311426496102400.0
1.15514756038656e+16
1.6233911226990592e+16
5738201398378496.0
59695188410368.0
2424854515023872.0
6098743501783040.0
3.925465246570906e+16
1.086613926885458e+17
1.4351136721364582e+17
1.3037575949464371e+17
1.2287552682511565e+17
9.791126993528422e+16
4.491020527153971e+16
2.5665919254528e+16
2.261965786526515e+16
1.7907763061456896e+16
1.1574404286775296e+16
6535031648419840.0
4104699171045376.0
3335675076149248.0
4320083727876096.0
7862633956900864.0
1.0054678427467776e+16
1.1704971292573696e+16
1.3524500901527552e+16
1.39231833882624e+16
1.4250059390517248e+16
1.008804065968128e+16
4567300434821120.0
1939327118475264.0
2114182484852736.0
6970730847666176.0
1.8692754234146816e+16
2.5694796467142656e+16
1.76747567906816e+16
5998599359954944.0
5937074490310656.0
1.0160925180952576e+16
7684735337758720.0
5472644107337728.0
3024005674041344.0
673805743685632.0
141393309728768.0
626096911417344.0
797786551353344.0
919365532778496.0
272422360055808.0
427469337264128.0
740270496808960.0
210775050289152.0
833656373379072.0
2388195626975232.0
4620595073384448.0
4811230418042880.0
3952366344732672.0
3432585912909824.0
2153580085641216.0
1733412159225856.0
2166000057319424.0
5407164109684736.0
6709236058816512.0
5691043194339328.0
2649817385795584.0
354431438684160.0
452894369251328.0
2183996909813760.0
4434494140448768.0
6132139556864000.0
7352588873760768.0
7704085239169024.0
6872519441121280.0
4986808144232448.0
3844123505197056.0
3167472614113280.0
2114187987779584.0
2371244196364288.0
4628269643071488.0
9725139545489408.0
1.0705706348969984e+16
2.179616231076659e+16
3.926173057181286e+16
3.638679113302016e+16
2.575843285008384e+16
1.2236836420190208e+16
5944083876937728.0
9601302753443840.0
1.128554733502464e+16
8419129648218112.0
3607327194218496.0
2136925813080064.0
5618752452296704.0
9823910908395520.0
8946876439068672.0
4369243386675200.0
1195307652087808.0
1227840418742272.0
1062888575860736.0
718076588851200.0
10221497876480.0
1066064972611584.0
2011846970179584.0
2071821222412288.0
1004295558266880.0
579015815462912.0
2931813932597248.0
8449245422026752.0
1.9398997181464576e+16
4.168174277964595e+16
1.7749965963001856e+17
4.165243478181151e+17
4.176327586181284e+17
3.119781780442317e+17
2.7678652169086566e+17
2.247391974648709e+17
1.3064961519937126e+17
9.043800107044045e+16
7.983907834586726e+16
5.578031652614963e+16
3.0012570039484416e+16
2.5365804119752704e+16
3.035973009853645e+16
2.9179509592817664e+16
2.1686936997462016e+16
1.25007439069184e+16
2836952600543232.0
189487850192896.0
1750655916048384.0
5148458365222912.0
4762303761219584.0
1845921109245952.0
877175330832384.0
412197876400128.0
1494966715023360.0
1312374904586240.0
1393918482579456.0
1895740582395904.0
1733644490113024.0
688401451843584.0
414814719442944.0
156557631291392.0
505243578138624.0
2518131272581120.0
1920399600254976.0
462675486179328.0
766327123869696.0
961687469424640.0
3698934283239424.0
4802879927877632.0
4760449945960448.0
5198985971105792.0
3559470789558272.0
929798612320256.0
910738419875840.0
3079447527817216.0
5329645318701056.0
5725903296397312.0
4214165539389440.0
2433709663846400.0
1410886958841856.0
1735687015497728.0
1894918096158720.0
1200415173509120.0
1603731393085440.0
1889745747574784.0
1375877204017152.0
1083046602211328.0
352778312482816.0
880615264092160.0
8278230561718272.0
1.7029229648543744e+16
2.6956284196552704e+16
3.586636135582925e+16
2.6609452702498816e+16
1.8177714640912384e+16
9543670734782464.0
861360657268736.0
2783399995506688.0
4359115585355776.0
1970769366089728.0
632704987037696.0
2790609903419392.0
1.399728231153664e+16
1.592085857697792e+16
1.7508440624594944e+16
1.8011501554040832e+16
1.051409067802624e+16
3503510318481408.0
255603503005696.0
460778385702912.0
817529844924416.0
1834149274976256.0
2684063307530240.0
2720376450711552.0
3039940002709504.0
2774148635951104.0
342017708130304.0
599459792683008.0
962417815191552.0
595677201563648.0
2847976170979328.0
8284346058276864.0
7557725101752320.0
3367481993330688.0
820496258039808.0
131318180478976.0
955095902584832.0
640403313262592.0
2938961295048704.0
7577347733585920.0
1.006840192172032e+16
2.0456237741113344e+16
2.7888657172004864e+16
2.221327020720128e+16
1.6809263972220928e+16
1.1099718058770432e+16
6241050800685056.0
6316947167772672.0
3784816986161152.0
1270632117436416.0
458039672963072.0
6553764102144.0
326178606940160.0
530213779800064.0
442395455913984.0
139644888940544.0
92314340950016.0
1250165927182336.0
4460374002761728.0
7639626906861568.0
6428110585069568.0
3531826232557568.0
1351005451059200.0
3393273271943168.0
7587854297333760.0
1.2086018643591168e+16
2.18551021469696e+16
1.5800214019375104e+16
8241049566707712.0
1.1813556655751168e+16
5.738352903349862e+16
1.4479111284903117e+17
1.641357314495611e+17
2.638373842719867e+17
4.744331169921761e+17
5.863476982993388e+17
4.40766070949675e+17
2.2014631405735117e+17
1.2669285939806208e+17
7.46933467480064e+16
6.049603170336768e+16
5.670658635307418e+16
4.230533767128678e+16
2.236923979707187e+16
1.5205713236197376e+16
8563666035146752.0
9533330601017344.0
1.54236839002112e+16
2.191365328863232e+16
1.5066952506540032e+16
4158059039424512.0
4523406942797824.0
2.4502921567666176e+16
3.637555549857382e+16
2.4115646514069504e+16
9618198081044480.0
3461844303872000.0
5820677655363584.0
9200794905608192.0
8204868762206208.0
6750776445632512.0
2.7100904335343616e+16
6.79106227250135e+16
9.800426456717722e+16
1.1036000071450624e+17
8.522768175438234e+16
4.166361372268954e+16
2.3076251543535616e+16
1.045127678132224e+16
2897287495811072.0
423240304427008.0
88802626371584.0
613328913170432.0
1466969970704384.0
1995070291050496.0
2425300386316288.0
2562908990996480.0
2361099483611136.0
3821694112235520.0
6033158814302208.0
6084163161554944.0
4961041561681920.0
2155569192370176.0
17221572100096.0
1315108382834688.0
3780464305242112.0
7431774648926208.0
9988251389526016.0
1.0971360813645824e+16
6647840038191104.0
848252148645888.0
850754503966720.0
4411746919907328.0
5260754580144128.0
2626726836305920.0
1354426124075008.0
893704445362176.0
713001615228928.0
2804701422682112.0
6986431637487616.0
9308283978383360.0
7239382125772800.0
5953221956730880.0
1.2105378208677888e+16
1.818271398284493e+16
2.2413819410120704e+16
1.964596424343552e+16
1.2203764098269184e+16
5862196567343104.0
3238900873035776.0
1.4419571012272128e+16
2.9763678832164864e+16
3.5419461418745856e+16
2.655160378798899e+16
1.2642519703617536e+16
5725759951863808.0
5381491479543808.0
8999228332310528.0
1.1852716020072448e+16
1.490919513653248e+16
1.929715921190912e+16
1.6053885525295104e+16
1.148658401673216e+16
8642793291382784.0
3584811901911040.0
796492155584512.0
416860197617664.0
1971729291280384.0
5290201949667328.0
8753012352745472.0
1.2755673838256128e+16
1.7929229308002304e+16
1.5910987668389888e+16
1.6641474632351744e+16
1.9270502497386496e+16
2.2517079013851136e+16
2.7647922107580416e+16
2.606425384891187e+16
1.1526438092013568e+16
6103065312624640.0
8764615206895616.0
5642068756004864.0
1785881090326528.0
3000559716007936.0
9064876370558976.0
1.7191584781041664e+16
1.7044743070416896e+16
9149081351880704.0
2098976958447616.0
3576886881943552.0
1.1955076901896192e+16
2.6748190883577856e+16
5.15807275688919e+16
6.788289012118323e+16
7.641983770165248e+16
1.0455661513434726e+17
1.651901459207291e+17
2.319719395712041e+17
2.4545385909321728e+17
3.3004391000283546e+17
6.359552577629061e+17
1.2093481664664044e+18
2.968126966256894e+18
1.3276036656906895e+19
4.987898875229084e+19
7.374412612768052e+19
7.859432260645159e+19
5.949731416193578e+19
1.5817846956069224e+19
2.0464987276690063e+18
6.8388427528772e+17
4.210231714418524e+17
2.503785544941568e+17
1.937407005027205e+17
2.0264456284431974e+17
2.1575190967851418e+17
1.2302007824442982e+17
6.009266555479654e+16
4.078471738503987e+16
3.935942819289498e+16
2.812863417470157e+16
2.4390449259085824e+16
3.1214046338351104e+16
2.446448590533427e+16
2.143205645824819e+16
1.9810167285612544e+16
1.814125681102029e+16
1.144505705168896e+16
6160887920459776.0
4586029713457152.0
7162218206461952.0
8193708826558464.0
1.2042348489867264e+16
1.806672839101645e+16
1.2230313438609408e+16
6010454543433728.0
5284746267459584.0
6727630330003456.0
1.357506555150336e+16
1.4398023161348096e+16
8503977800892416.0
4150305549713408.0
2353011523321856.0
473193659760640.0
731216638640128.0
3627249131585536.0
2654407363657728.0
847548713533440.0
44819736952832.0
1792096310657024.0
3069802910318592.0
3190932530790400.0
5477492051673088.0
6038466857009152.0
3666301390159872.0
1778899218333696.0
1956600268980224.0
2789065594241024.0
2539034073104384.0
6758107954806784.0
1.637732233248768e+16
4.477146494297702e+16
8.62712900878336e+16
9.514668538619494e+16
7.34556488424489e+16
5.718890259048038e+16
3.790678435404186e+16
1.0943002175382487e+18
2.1230131360417277e-38
2.3342379161136676e-37
5.2083994936480016e-37
